N	Z	EL	MASS		Mass(MeV)
1	0	n	1008664.91574	939.5654178888
0	1	1H	1007825.03207	938.7830712055
1	1	2H	2014101.77785	1876.1239228668
2	1	3H	3016049.27767	2809.4321074589
1	2	3He	3016029.31914	2809.4135162059
0	3	3Li	3030775		2823.1490309275
3	1	4H	4027806.424	3751.8779198981
2	2	4He	4002603.25415	3728.4013158815
1	3	4Li	4027185.558	3751.2995868822
4	1	5H	5035311.488	4690.3629427342
3	2	5He	5012223.624	4668.8567336366
2	3	5Li	5012537.8	4669.149386727
1	4	5Be	5040790		4695.466144339
5	1	6H	6044942.594	5630.8283611497
4	2	6He	6018889.124	5606.5597075602
3	3	6Li	6015122.794	5603.0513933865
2	4	6Be	6019726.317	5607.3395479002
1	5	6B	6046810		5632.567838821
6	1	7H	7052749		6569.5940822809
5	2	7He	7028020.618	6546.5597403454
4	3	7Li	7016004.548	6535.3668420352
3	4	7Be	7016929.828	6536.228734896
2	5	7B	7029917.901	6548.3270482659
6	2	8He	8033921.897	7483.5508469163
5	3	8Li	8022487.362	7472.8996450276
4	4	8Be	8005305.103	7456.8944721444
3	5	8B	8024607.233	7474.8742923568
2	6	8C	8037675.025	7487.0468635049
7	2	9He	9043950.286	8424.3863321023
6	3	9Li	9026789.505	8408.4011658494
5	4	9Be	9012182.201	8394.7945483565
4	5	9B	9013328.782	8395.8625817932
3	6	9C	9031036.689	8412.357392687
8	2	10He	10052398.837	9363.7502075124
7	3	10Li	10035481.259	9347.9915834191
6	4	10Be	10013533.818	9327.5476716175
5	5	10B	10012936.992	9326.9917317198
4	6	10C	10016853.228	9330.639682448
3	7	10N	10041653.674	9353.7411515743
8	3	11Li	11043797.715	10287.232413116
7	4	11Be	11021657.749	10266.6091654128
6	5	11B	11009305.406	10255.1030307871
5	6	11C	11011433.613	10257.0854430512
4	7	11N	11026090.956	10270.7386715774
9	3	12Li	12053780	11228.024952698
8	4	12Be	12026920.737	11203.0057076832
7	5	12B	12014352.104	11191.2981001986
6	6	12C	12000000	11177.9292
5	7	12N	12018613.197	11195.2672831876
4	8	12O	12034404.895	11209.9771567036
9	4	13Be	13035693.007	12142.6711254318
8	5	13B	13017780.217	12125.9854672322
7	6	13C	13003354.83778	12112.5483115985
6	7	13N	13005738.609	12114.7687804257
5	8	13O	13024812.213	12132.5357300174
10	4	14Be	14042892.92	13080.8719019118
9	5	14B	14025404.009	13064.5810844998
8	6	14C	14003241.9887	13043.9372933463
7	7	14N	14003074.00478	13043.7808173159
6	8	14O	14008596.25	13048.9247561571
5	9	14F	14035060	13073.575583146
11	4	15Be	15053460	14022.209174586
10	5	15B	15031103.021	14001.3837805537
9	6	15C	15010599.256	13982.2846444284
8	7	15N	15000108.89823	13972.5129380587
7	8	15O	15003065.617	13975.2671041484
6	9	15F	15018009.103	13989.1868731908
12	4	16Be	16061920	14961.583714672
11	5	16B	16039808.829	14940.9872893414
10	6	16C	16014701.252	14917.5997295006
9	7	16N	16006101.658	14909.5892584272
8	8	16O	15994914.61956	14899.1685981239
7	9	16F	16011465.724	14914.5858542582
6	10	16Ne	16025761.262	14927.9020635616
12	5	17B	17046989.906	15879.1705201986
11	6	17C	17022586.116	15856.4385337959
10	7	17N	17008450.261	15843.271068265
9	8	17O	16999131.703	15834.5908864675
8	9	17F	17002095.237	15837.3514009036
7	10	17Ne	17017671.504	15851.8606017141
13	5	18B	18056170	16819.215823597
12	6	18C	18026759.354	16791.8199803708
11	7	18N	18014078.959	16780.0082672426
10	8	18O	17999161.001	16766.1122773816
9	9	18F	18000937.956	16767.7675004801
8	10	18Ne	18005708.213	16772.210966731
7	11	18Na	18025969	16791.0837702829
14	5	19B	19063730	17757.752018993
13	6	19C	19034805.018	17730.8085689174
12	7	19N	19017028.697	17714.2500307862
11	8	19O	19003580.13	17701.7227699722
10	9	19F	18998403.224	17696.900512577
9	10	19Ne	19001880.248	17700.1393399185
8	11	19Na	19013877.499	17711.3147084413
7	12	19Mg	19035470	17731.427995727
14	6	20C	20040319.754	18667.4396129645
13	7	20N	20023365.807	18651.6471113622
12	8	20O	20004076.742	18633.6794611202
11	9	20F	19999981.315	18629.8645950327
10	10	20Ne	19992440.17542	18622.8400680067
9	11	20Na	20007351.328	18636.7297186592
8	12	20Mg	20018862.545	18647.4523493785
15	6	21C	21049340	19607.336018894
14	7	21N	21027108.24	19586.6272656214
13	8	21O	21008655.886	19569.4390067393
12	9	21F	20999948.951	19561.3285481577
11	10	21Ne	20993846.684	19555.6443224506
10	11	21Na	20997655.206	19559.1919382233
9	12	21Mg	21011712.91	19572.2866065588
8	13	21Al	21028040	19587.495194564
16	6	22C	22057200	20546.15166252
15	7	22N	22034394.934	20524.9088780909
14	8	22O	22009966.947	20502.1543523255
13	9	22F	22002998.815	20495.6635784795
12	10	22Ne	21991385.113	20484.8454835873
11	11	22Na	21994436.425	20487.6877627126
10	12	22Mg	21999573.843	20492.4732372688
9	13	22Al	22019520	20511.052964832
8	14	22Si	22034530	20525.034691273
16	7	23N	23041220	21462.760486802
15	8	23O	23015687.659	21438.9772618013
14	9	23F	23003574.631	21427.6940476862
13	10	23Ne	22994466.904	21419.2102537213
12	11	23Na	22989769.28087	21414.8344454916
11	12	23Mg	22994123.669	21418.8905323439
10	13	23Al	23007267.432	21431.1338700301
9	14	23Si	23025520	21448.136029432
17	7	24N	24051040	22403.401858864
16	8	24O	24020472.917	22374.9288013953
15	9	24F	24008115.485	22363.4179263961
14	10	24Ne	23993610.779	22349.9068783349
13	11	24Na	23990962.782	22347.4402847526
12	12	24Mg	23985041.699	22341.9248308725
11	13	24Al	23999938.865	22355.8014531082
10	14	24Si	24011545.616	22366.6130731849
9	15	24P	24034350	22387.855222335
18	7	25N	25060660	23343.856932106
17	8	25O	25029460	23314.794316186
16	9	25F	25012101.747	23298.6252059302
15	10	25Ne	24997736.888	23285.2444245244
14	11	25Na	24989953.968	23277.9946804636
13	12	25Mg	24985836.917	23274.1596717477
12	13	25Al	24990428.095	23278.4363269667
11	14	25Si	25004105.574	23291.1768179581
10	15	25P	25020260	23306.224570466
18	8	26O	26038340	24254.560083794
17	9	26F	26019615.555	24237.1183737507
16	10	26Ne	26000461.206	24219.2762106679
15	11	26Na	25992633	24211.9842829653
14	12	26Mg	25982592.929	24202.6320160652
13	13	26Al	25986891.692	24206.636288437
12	14	26Si	25992329.921	24211.701966665
11	15	26P	26011780	24229.819600498
10	16	26S	26027880	24244.816655508
19	8	27O	27048260	25195.294605266
18	9	27F	27026760.086	25175.2675622245
17	10	27Ne	27007589.903	25157.4106498641
16	11	27Na	26994076.788	25144.8232629689
15	12	27Mg	26984340.585	25135.754047318
14	13	27Al	26981538.627	25133.1440399726
13	14	27Si	26986704.905	25137.9563974486
12	15	27P	26999230.236	25149.6236693756
11	16	27S	27018833	25167.8835283853
20	8	28O	28057810	26135.684473921
19	9	28F	28035670	26115.061194547
18	10	28Ne	28012071.575	26093.0794008902
17	11	28Na	27998938	26080.8455532658
16	12	28Mg	27983876.825	26066.8161576142
15	13	28Al	27981910.306	26064.9843567682
14	14	28Si	27976926.53246	26060.3420011199
13	15	28P	27992314.761	26074.6760452144
12	16	28S	28004372.763	26085.9080029352
11	17	28Cl	28028510	26108.391696791
20	9	29F	29043260	27053.625334766
19	10	29Ne	29019385.933	27031.3867822125
18	11	29Na	29002861	27015.9939046201
17	12	29Mg	28988600	27002.70986726
16	13	29Al	28980445.046	26995.1135757232
15	14	29Si	28976494.7	26991.4338517313
14	15	29P	28981800.606	26996.3762718654
13	16	29S	28996608.049	27010.169317656
12	17	29Cl	29014110	27026.472281751
21	9	30F	30052500	27993.72644025
20	10	30Ne	30024801.045	27967.9250270913
19	11	30Na	30008976	27953.1840910416
18	12	30Mg	29990434	27935.9123274394
17	13	30Al	29982960.256	27928.9505789985
16	14	30Si	29973770.171	27920.3900690425
15	15	30P	29978313.789	27924.6224224021
14	16	30S	29984903.249	27930.7604655143
13	17	30Cl	30004770	27949.266226857
12	18	30Ar	30021560	27964.906012796
22	9	31F	31060429	28932.6063569689
21	10	31Ne	31033110	28907.158869651
20	11	31Na	31013585.452	28888.9718683838
19	12	31Mg	30996546	28873.0997193786
18	13	31Al	30983946.619	28861.3634703134
17	14	31Si	30975363.227	28853.3680913075
16	15	31P	30973761.629	28851.8762122199
15	16	31S	30979554.728	28857.2724497591
14	17	31Cl	30992413.086	28869.2499343718
13	18	31Ar	31012123	28887.6096029743
22	10	32Ne	32040020	29845.089593882
21	11	32Na	32020466.56	29826.8756798873
20	12	32Mg	31998975	29806.8564185475
19	13	32Al	31988124.489	29796.749231569
18	14	32Si	31974148.082	29783.7302909093
17	15	32P	31973907.274	29783.5059796781
16	16	32S	31972070.999	29781.7955003496
15	17	32Cl	31985689.901	29794.4814272111
14	18	32Ar	31997637.984	29805.6109960319
13	19	32K	32021920	29828.229550672
23	10	33Ne	33049380	30785.302478658
22	11	33Na	33026719.756	30764.1945950674
21	12	33Mg	33005254	30744.1993700014
20	13	33Al	32990843.336	30730.7759215083
19	14	33Si	32978000.22	30718.8126347287
18	15	33P	32971725.543	30712.9678101238
17	16	33S	32971458.759	30712.7193024018
16	17	33Cl	32977451.887	30718.3018657744
15	18	33Ar	32989925.709	30729.9211573718
14	19	33K	33007260	30746.067947166
24	10	34Ne	34057028	31723.9206455348
23	11	34Na	34035170	31703.560047497
22	12	34Mg	34009456.424	31679.6080031631
21	13	34Al	33996851.837	31667.8669047397
20	14	34Si	33978575.524	31650.8426270104
19	15	34P	33973636.257	31646.2417289416
18	16	34S	33967866.902	31640.8676087983
17	17	34Cl	33973762.819	31646.3596206979
16	18	34Ar	33980271.244	31652.4221801857
15	19	34K	33998410	31669.318324381
14	20	34Ca	34014120	31683.952096692
24	11	35Na	35042493	32641.8754787913
23	12	35Mg	35017340	32618.445607694
22	13	35Al	34999860.235	32602.1633097271
21	14	35Si	34984583.575	32587.9331910694
20	15	35P	34973314.117	32577.4357574322
19	16	35S	34969032.161	32573.4471406817
18	17	35Cl	34968852.682	32573.2799570522
17	18	35Ar	34975257.585	32579.2460864078
16	19	35K	34988009.692	32591.1245988408
15	20	35Ca	35004940	32606.895080854
25	11	36Na	36051480	33581.740916268
24	12	36Mg	36023000	33555.2119643
23	13	36Al	36006207.204	33539.5695739035
22	14	36Si	35986599.477	33521.3050918886
21	15	36P	35978259.68	33513.5366201879
20	16	36S	35967080.76	33503.1235221635
19	17	36Cl	35968306.981	33504.2657397903
18	18	36Ar	35967545.105	33503.5560567914
17	19	36K	35981292.235	33516.3614272783
16	20	36Ca	35993087.063	33527.3482399708
15	21	36Sc	36014920	33547.685491972
26	11	37Na	37059340	34520.556559894
25	12	37Mg	37031400	34494.53061474
24	13	37Al	37010677.82	34475.2280263309
23	14	37Si	36992936.08	34458.7017001971
22	15	37P	36979608.946	34446.2875535062
21	16	37S	36971125.567	34438.3853360197
20	17	37Cl	36965902.591	34433.5201646912
19	18	37Ar	36966776.32	34434.3340380997
18	19	37K	36973375.889	34440.4814976858
17	20	37Ca	36985870.269	34452.1199389389
16	21	37Sc	37003050	34468.122757005
26	12	38Mg	38037570	35431.772033337
25	13	38Al	38017231.021	35412.8263943985
24	14	38Si	37995633.601	35392.7085250933
23	15	38P	37984156.827	35382.0179778252
22	16	38S	37971163.317	35369.9145999219
21	17	38Cl	37968010.425	35366.977699626
20	18	38Ar	37962732.394	35362.0612448899
19	19	38K	37969081.184	35367.975105317
18	20	38Ca	37976318.452	35374.7165777591
17	21	38Sc	37994700	35391.83888127
16	22	38Ti	38009770	35405.876497357
27	12	39Mg	39046772	36371.8377420452
26	13	39Al	39022970	36349.666319477
25	14	39Si	39002070.013	36330.1981048964
24	15	39P	38986179.475	36315.3961625036
23	16	39S	38975134.306	36305.1076527466
22	17	39Cl	38968008.164	36298.4696935178
21	18	39Ar	38964313.231	36295.0278852284
20	19	39K	38963706.679	36294.4628856191
19	20	39Ca	38970719.725	36300.9954965911
18	21	39Sc	38984790.002	36314.101876602
17	22	39Ti	39001610	36329.769605501
28	12	40Mg	40053930	37309.999476813
27	13	40Al	40031450	37289.059489445
26	14	40Si	40005869.121	37265.2310515837
25	15	40P	39991296.951	37251.6571612045
24	16	40S	39975451.728	37236.8974294668
23	17	40Cl	39970415.472	37232.2061867167
22	18	40Ar	39962383.12251	37224.7241005576
21	19	40K	39963998.475	37226.2287918715
20	20	40Ca	39962590.983	37224.9177213777
19	21	40Sc	39977967.407	37239.2407696128
18	22	40Ti	39990498.838	37250.9137236539