   0.000       2.376       0.000     -0.6859E-02   0.000       0.000    
  0.5000       2.376      0.4100E-02 -0.6845E-02  0.2781E-03 -0.1067E-04
   1.000       2.376      0.8200E-02 -0.6803E-02  0.5555E-03 -0.4268E-04
   1.500       2.377      0.1230E-01 -0.6732E-02  0.8312E-03 -0.9599E-04
   2.000       2.378      0.1640E-01 -0.6635E-02  0.1105E-02 -0.1706E-03
   2.500       2.379      0.2049E-01 -0.6509E-02  0.1375E-02 -0.2664E-03
   3.000       2.381      0.2459E-01 -0.6356E-02  0.1641E-02 -0.3833E-03
   3.500       2.383      0.2868E-01 -0.6176E-02  0.1903E-02 -0.5212E-03
   4.000       2.385      0.3276E-01 -0.5968E-02  0.2160E-02 -0.6801E-03
   4.500       2.387      0.3685E-01 -0.5734E-02  0.2411E-02 -0.8599E-03
   5.000       2.390      0.4092E-01 -0.5474E-02  0.2655E-02 -0.1060E-02
   5.500       2.393      0.4499E-01 -0.5188E-02  0.2892E-02 -0.1281E-02
   6.000       2.396      0.4905E-01 -0.4876E-02  0.3121E-02 -0.1523E-02
   6.500       2.399      0.5311E-01 -0.4538E-02  0.3342E-02 -0.1784E-02
   7.000       2.402      0.5715E-01 -0.4176E-02  0.3555E-02 -0.2066E-02
   7.500       2.406      0.6118E-01 -0.3790E-02  0.3759E-02 -0.2368E-02
   8.000       2.410      0.6520E-01 -0.3379E-02  0.3953E-02 -0.2690E-02
   8.500       2.413      0.6920E-01 -0.2945E-02  0.4137E-02 -0.3031E-02
   9.000       2.417      0.7319E-01 -0.2488E-02  0.4311E-02 -0.3391E-02
   9.500       2.421      0.7716E-01 -0.2007E-02  0.4475E-02 -0.3771E-02
   10.00       2.425      0.8110E-01 -0.1505E-02  0.4627E-02 -0.4171E-02
   10.50       2.429      0.8503E-01 -0.9801E-03  0.4769E-02 -0.4589E-02
   11.00       2.433      0.8893E-01 -0.4337E-03  0.4900E-02 -0.5026E-02
   11.50       2.436      0.9281E-01  0.1339E-03  0.5019E-02 -0.5481E-02
   12.00       2.440      0.9665E-01  0.7224E-03  0.5127E-02 -0.5956E-02
   12.50       2.443      0.1005      0.1332E-02  0.5222E-02 -0.6448E-02
   13.00       2.447      0.1043      0.1961E-02  0.5306E-02 -0.6959E-02
   13.50       2.450      0.1080      0.2610E-02  0.5377E-02 -0.7488E-02
   14.00       2.453      0.1117      0.3279E-02  0.5436E-02 -0.8036E-02
   14.50       2.456      0.1154      0.3967E-02  0.5482E-02 -0.8601E-02
   15.00       2.458      0.1190      0.4674E-02  0.5515E-02 -0.9183E-02
   15.50       2.460      0.1226      0.5400E-02  0.5535E-02 -0.9784E-02
   16.00       2.462      0.1262      0.6144E-02  0.5542E-02 -0.1040E-01
   16.50       2.463      0.1297      0.6906E-02  0.5535E-02 -0.1104E-01
   17.00       2.464      0.1331      0.7686E-02  0.5514E-02 -0.1169E-01
   17.50       2.464      0.1365      0.8483E-02  0.5478E-02 -0.1236E-01
   18.00       2.464      0.1399      0.9297E-02  0.5428E-02 -0.1305E-01
   18.50       2.463      0.1432      0.1013E-01  0.5364E-02 -0.1375E-01
   19.00       2.462      0.1465      0.1098E-01  0.5284E-02 -0.1447E-01
   19.50       2.461      0.1497      0.1184E-01  0.5188E-02 -0.1521E-01
   20.00       2.458      0.1528      0.1272E-01  0.5076E-02 -0.1597E-01
   20.50       2.455      0.1559      0.1361E-01  0.4948E-02 -0.1674E-01
   21.00       2.452      0.1589      0.1452E-01  0.4804E-02 -0.1753E-01
   21.50       2.447      0.1619      0.1545E-01  0.4642E-02 -0.1834E-01
   22.00       2.442      0.1648      0.1639E-01  0.4462E-02 -0.1916E-01
   22.50       2.437      0.1677      0.1734E-01  0.4264E-02 -0.2000E-01
   23.00       2.430      0.1705      0.1830E-01  0.4048E-02 -0.2085E-01
   23.50       2.423      0.1732      0.1928E-01  0.3812E-02 -0.2173E-01
   24.00       2.415      0.1759      0.2028E-01  0.3557E-02 -0.2262E-01
   24.50       2.406      0.1785      0.2128E-01  0.3282E-02 -0.2352E-01
   25.00       2.396      0.1811      0.2230E-01  0.2986E-02 -0.2445E-01
   25.50       2.386      0.1836      0.2332E-01  0.2670E-02 -0.2538E-01
   26.00       2.375      0.1861      0.2436E-01  0.2331E-02 -0.2634E-01
   26.50       2.362      0.1885      0.2541E-01  0.1970E-02 -0.2731E-01
   27.00       2.349      0.1908      0.2647E-01  0.1586E-02 -0.2830E-01
   27.50       2.336      0.1931      0.2754E-01  0.1179E-02 -0.2931E-01
   28.00       2.321      0.1953      0.2862E-01  0.7475E-03 -0.3033E-01
   28.50       2.305      0.1975      0.2971E-01  0.2916E-03 -0.3137E-01
   29.00       2.289      0.1996      0.3080E-01 -0.1897E-03 -0.3243E-01
   29.50       2.271      0.2016      0.3191E-01 -0.6967E-03 -0.3350E-01
   30.00       2.253      0.2036      0.3302E-01 -0.1230E-02 -0.3459E-01
   30.50       2.234      0.2055      0.3414E-01 -0.1791E-02 -0.3570E-01
   31.00       2.214      0.2074      0.3527E-01 -0.2380E-02 -0.3683E-01
   31.50       2.193      0.2092      0.3641E-01 -0.2997E-02 -0.3797E-01
   32.00       2.172      0.2110      0.3755E-01 -0.3644E-02 -0.3913E-01
   32.50       2.149      0.2127      0.3870E-01 -0.4320E-02 -0.4031E-01
   33.00       2.126      0.2144      0.3985E-01 -0.5027E-02 -0.4151E-01
   33.50       2.102      0.2160      0.4101E-01 -0.5765E-02 -0.4272E-01
   34.00       2.077      0.2175      0.4218E-01 -0.6536E-02 -0.4395E-01
   34.50       2.052      0.2190      0.4335E-01 -0.7339E-02 -0.4520E-01
   35.00       2.025      0.2205      0.4452E-01 -0.8176E-02 -0.4647E-01
   35.50       1.998      0.2219      0.4570E-01 -0.9048E-02 -0.4775E-01
   36.00       1.971      0.2232      0.4688E-01 -0.9955E-02 -0.4905E-01
   36.50       1.942      0.2245      0.4807E-01 -0.1090E-01 -0.5038E-01
   37.00       1.913      0.2258      0.4926E-01 -0.1188E-01 -0.5172E-01
   37.50       1.884      0.2270      0.5045E-01 -0.1290E-01 -0.5308E-01
   38.00       1.854      0.2281      0.5165E-01 -0.1395E-01 -0.5445E-01
   38.50       1.823      0.2292      0.5284E-01 -0.1505E-01 -0.5585E-01
   39.00       1.792      0.2303      0.5404E-01 -0.1619E-01 -0.5726E-01
   39.50       1.760      0.2313      0.5524E-01 -0.1736E-01 -0.5870E-01
   40.00       1.728      0.2322      0.5644E-01 -0.1858E-01 -0.6015E-01
   40.50       1.696      0.2331      0.5765E-01 -0.1985E-01 -0.6163E-01
   41.00       1.663      0.2340      0.5885E-01 -0.2116E-01 -0.6312E-01
   41.50       1.629      0.2348      0.6005E-01 -0.2251E-01 -0.6463E-01
   42.00       1.596      0.2355      0.6125E-01 -0.2391E-01 -0.6616E-01
   42.50       1.562      0.2362      0.6245E-01 -0.2536E-01 -0.6771E-01
   43.00       1.528      0.2369      0.6364E-01 -0.2685E-01 -0.6929E-01
   43.50       1.493      0.2375      0.6484E-01 -0.2840E-01 -0.7088E-01
   44.00       1.459      0.2381      0.6603E-01 -0.3000E-01 -0.7249E-01
   44.50       1.424      0.2386      0.6722E-01 -0.3164E-01 -0.7412E-01
   45.00       1.390      0.2390      0.6840E-01 -0.3335E-01 -0.7578E-01
   45.50       1.355      0.2394      0.6958E-01 -0.3510E-01 -0.7745E-01
   46.00       1.320      0.2398      0.7075E-01 -0.3691E-01 -0.7915E-01
   46.50       1.286      0.2401      0.7191E-01 -0.3878E-01 -0.8087E-01
   47.00       1.251      0.2403      0.7307E-01 -0.4071E-01 -0.8261E-01
   47.50       1.217      0.2405      0.7422E-01 -0.4269E-01 -0.8437E-01
   48.00       1.182      0.2406      0.7536E-01 -0.4474E-01 -0.8616E-01
   48.50       1.148      0.2407      0.7649E-01 -0.4685E-01 -0.8797E-01
   49.00       1.114      0.2407      0.7761E-01 -0.4902E-01 -0.8980E-01
   49.50       1.080      0.2406      0.7872E-01 -0.5126E-01 -0.9166E-01
   50.00       1.047      0.2405      0.7981E-01 -0.5356E-01 -0.9354E-01
   50.50       1.014      0.2403      0.8089E-01 -0.5593E-01 -0.9544E-01
   51.00      0.9809      0.2401      0.8196E-01 -0.5837E-01 -0.9737E-01
   51.50      0.9485      0.2398      0.8301E-01 -0.6089E-01 -0.9933E-01
   52.00      0.9164      0.2394      0.8404E-01 -0.6347E-01 -0.1013    
   52.50      0.8847      0.2389      0.8506E-01 -0.6613E-01 -0.1033    
   53.00      0.8535      0.2384      0.8605E-01 -0.6887E-01 -0.1054    
   53.50      0.8228      0.2378      0.8702E-01 -0.7168E-01 -0.1074    
   54.00      0.7925      0.2371      0.8797E-01 -0.7457E-01 -0.1095    
   54.50      0.7628      0.2363      0.8890E-01 -0.7755E-01 -0.1116    
   55.00      0.7336      0.2354      0.8980E-01 -0.8060E-01 -0.1138    
   55.50      0.7049      0.2344      0.9067E-01 -0.8375E-01 -0.1160    
   56.00      0.6768      0.2333      0.9151E-01 -0.8697E-01 -0.1182    
   56.50      0.6494      0.2321      0.9232E-01 -0.9029E-01 -0.1204    
   57.00      0.6225      0.2308      0.9309E-01 -0.9370E-01 -0.1227    
   57.50      0.5962      0.2293      0.9383E-01 -0.9720E-01 -0.1250    
   58.00      0.5705      0.2278      0.9454E-01 -0.1008     -0.1274    
   58.50      0.5455      0.2261      0.9520E-01 -0.1045     -0.1298    
   59.00      0.5212      0.2242      0.9582E-01 -0.1083     -0.1322    
   59.50      0.4974      0.2222      0.9640E-01 -0.1122     -0.1346    
   60.00      0.4744      0.2200      0.9692E-01 -0.1161     -0.1371    
   60.50      0.4520      0.2177      0.9740E-01 -0.1202     -0.1396    
   61.00      0.4303      0.2152      0.9782E-01 -0.1244     -0.1422    
   61.50      0.4092      0.2125      0.9819E-01 -0.1287     -0.1448    
   62.00      0.3888      0.2095      0.9849E-01 -0.1331     -0.1474    
   62.50      0.3691      0.2063      0.9873E-01 -0.1376     -0.1500    
   63.00      0.3501      0.2029      0.9891E-01 -0.1421     -0.1527    
   63.50      0.3318      0.1993      0.9901E-01 -0.1468     -0.1554    
   64.00      0.3141      0.1953      0.9903E-01 -0.1516     -0.1582    
   64.50      0.2970      0.1911      0.9898E-01 -0.1565     -0.1609    
   65.00      0.2807      0.1865      0.9883E-01 -0.1614     -0.1637    
   65.50      0.2650      0.1816      0.9860E-01 -0.1665     -0.1665    
   66.00      0.2499      0.1763      0.9827E-01 -0.1715     -0.1693    
   66.50      0.2355      0.1706      0.9784E-01 -0.1767     -0.1721    
   67.00      0.2217      0.1645      0.9731E-01 -0.1819     -0.1748    
   67.50      0.2085      0.1580      0.9666E-01 -0.1871     -0.1776    
   68.00      0.1959      0.1510      0.9589E-01 -0.1924     -0.1803    
   68.50      0.1840      0.1435      0.9499E-01 -0.1976     -0.1830    
   69.00      0.1726      0.1354      0.9397E-01 -0.2028     -0.1856    
   69.50      0.1618      0.1268      0.9281E-01 -0.2079     -0.1882    
   70.00      0.1516      0.1175      0.9150E-01 -0.2128     -0.1906    
   70.50      0.1419      0.1077      0.9005E-01 -0.2177     -0.1929    
   71.00      0.1328      0.9713E-01  0.8845E-01 -0.2223     -0.1950    
   71.50      0.1242      0.8591E-01  0.8669E-01 -0.2266     -0.1969    
   72.00      0.1161      0.7399E-01  0.8478E-01 -0.2305     -0.1985    
   72.50      0.1085      0.6136E-01  0.8271E-01 -0.2341     -0.1999    
   73.00      0.1014      0.4800E-01  0.8048E-01 -0.2371     -0.2009    
   73.50      0.9478E-01  0.3394E-01  0.7810E-01 -0.2395     -0.2016    
   74.00      0.8861E-01  0.1919E-01  0.7558E-01 -0.2412     -0.2018    
   74.50      0.8288E-01  0.3792E-02  0.7293E-01 -0.2420     -0.2014    
   75.00      0.7757E-01 -0.1218E-01  0.7017E-01 -0.2418     -0.2005    
   75.50      0.7268E-01 -0.2865E-01  0.6731E-01 -0.2405     -0.1989    
   76.00      0.6818E-01 -0.4548E-01  0.6440E-01 -0.2379     -0.1966    
   76.50      0.6406E-01 -0.6254E-01  0.6146E-01 -0.2340     -0.1935    
   77.00      0.6031E-01 -0.7962E-01  0.5854E-01 -0.2286     -0.1896    
   77.50      0.5690E-01 -0.9653E-01  0.5568E-01 -0.2215     -0.1848    
   78.00      0.5383E-01 -0.1130      0.5294E-01 -0.2128     -0.1790    
   78.50      0.5108E-01 -0.1288      0.5037E-01 -0.2023     -0.1723    
   79.00      0.4863E-01 -0.1435      0.4805E-01 -0.1901     -0.1647    
   79.50      0.4646E-01 -0.1570      0.4601E-01 -0.1762     -0.1562    
   80.00      0.4458E-01 -0.1689      0.4433E-01 -0.1607     -0.1469    
   80.50      0.4295E-01 -0.1789      0.4306E-01 -0.1438     -0.1369    
   81.00      0.4156E-01 -0.1867      0.4223E-01 -0.1256     -0.1263    
   81.50      0.4041E-01 -0.1923      0.4188E-01 -0.1065     -0.1153    
   82.00      0.3947E-01 -0.1955      0.4201E-01 -0.8674E-01 -0.1040    
   82.50      0.3874E-01 -0.1962      0.4264E-01 -0.6660E-01 -0.9263E-01
   83.00      0.3819E-01 -0.1945      0.4374E-01 -0.4644E-01 -0.8136E-01
   83.50      0.3783E-01 -0.1905      0.4528E-01 -0.2658E-01 -0.7035E-01
   84.00      0.3762E-01 -0.1842      0.4722E-01 -0.7310E-02 -0.5977E-01
   84.50      0.3757E-01 -0.1759      0.4952E-01  0.1111E-01 -0.4973E-01
   85.00      0.3766E-01 -0.1659      0.5210E-01  0.2846E-01 -0.4035E-01
   85.50      0.3788E-01 -0.1545      0.5492E-01  0.4457E-01 -0.3171E-01
   86.00      0.3821E-01 -0.1418      0.5790E-01  0.5932E-01 -0.2385E-01
   86.50      0.3866E-01 -0.1283      0.6099E-01  0.7265E-01 -0.1680E-01
   87.00      0.3920E-01 -0.1140      0.6414E-01  0.8452E-01 -0.1056E-01
   87.50      0.3982E-01 -0.9935E-01  0.6730E-01  0.9494E-01 -0.5122E-02
   88.00      0.4052E-01 -0.8447E-01  0.7041E-01  0.1040     -0.4437E-03
   88.50      0.4129E-01 -0.6955E-01  0.7346E-01  0.1116      0.3514E-02
   89.00      0.4212E-01 -0.5476E-01  0.7640E-01  0.1180      0.6801E-02
   89.50      0.4300E-01 -0.4021E-01  0.7922E-01  0.1232      0.9473E-02
   90.00      0.4392E-01 -0.2600E-01  0.8190E-01  0.1274      0.1159E-01
   90.50      0.4488E-01 -0.1222E-01  0.8442E-01  0.1305      0.1320E-01
   91.00      0.4586E-01  0.1087E-02  0.8677E-01  0.1327      0.1436E-01
   91.50      0.4687E-01  0.1387E-01  0.8895E-01  0.1342      0.1512E-01
   92.00      0.4788E-01  0.2611E-01  0.9096E-01  0.1349      0.1554E-01
   92.50      0.4891E-01  0.3779E-01  0.9279E-01  0.1350      0.1565E-01
   93.00      0.4994E-01  0.4891E-01  0.9445E-01  0.1345      0.1551E-01
   93.50      0.5097E-01  0.5948E-01  0.9594E-01  0.1336      0.1513E-01
   94.00      0.5199E-01  0.6950E-01  0.9726E-01  0.1322      0.1457E-01
   94.50      0.5300E-01  0.7898E-01  0.9841E-01  0.1304      0.1384E-01
   95.00      0.5399E-01  0.8794E-01  0.9941E-01  0.1283      0.1297E-01
   95.50      0.5496E-01  0.9641E-01  0.1003      0.1260      0.1199E-01
   96.00      0.5591E-01  0.1044      0.1009      0.1234      0.1091E-01
   96.50      0.5683E-01  0.1119      0.1015      0.1206      0.9758E-02
   97.00      0.5772E-01  0.1190      0.1019      0.1176      0.8545E-02
   97.50      0.5857E-01  0.1257      0.1022      0.1145      0.7283E-02
   98.00      0.5939E-01  0.1320      0.1023      0.1113      0.5986E-02
   98.50      0.6017E-01  0.1379      0.1024      0.1079      0.4662E-02
   99.00      0.6092E-01  0.1435      0.1023      0.1045      0.3322E-02
   99.50      0.6161E-01  0.1487      0.1020      0.1011      0.1971E-02
   100.0      0.6227E-01  0.1537      0.1017      0.9756E-01  0.6172E-03
   100.5      0.6288E-01  0.1583      0.1013      0.9402E-01 -0.7341E-03
   101.0      0.6344E-01  0.1626      0.1007      0.9046E-01 -0.2078E-02
   101.5      0.6396E-01  0.1667      0.1001      0.8688E-01 -0.3410E-02
   102.0      0.6442E-01  0.1705      0.9935E-01  0.8330E-01 -0.4727E-02
   102.5      0.6484E-01  0.1741      0.9851E-01  0.7972E-01 -0.6026E-02
   103.0      0.6521E-01  0.1774      0.9758E-01  0.7616E-01 -0.7303E-02
   103.5      0.6553E-01  0.1805      0.9656E-01  0.7260E-01 -0.8556E-02
   104.0      0.6580E-01  0.1835      0.9545E-01  0.6907E-01 -0.9783E-02
   104.5      0.6602E-01  0.1862      0.9425E-01  0.6556E-01 -0.1098E-01
   105.0      0.6619E-01  0.1887      0.9297E-01  0.6209E-01 -0.1215E-01
   105.5      0.6632E-01  0.1911      0.9161E-01  0.5864E-01 -0.1329E-01
   106.0      0.6639E-01  0.1933      0.9017E-01  0.5523E-01 -0.1440E-01
   106.5      0.6642E-01  0.1953      0.8866E-01  0.5185E-01 -0.1547E-01
   107.0      0.6639E-01  0.1972      0.8707E-01  0.4852E-01 -0.1651E-01
   107.5      0.6633E-01  0.1989      0.8541E-01  0.4523E-01 -0.1751E-01
   108.0      0.6621E-01  0.2005      0.8368E-01  0.4198E-01 -0.1847E-01
   108.5      0.6605E-01  0.2020      0.8188E-01  0.3878E-01 -0.1940E-01
   109.0      0.6585E-01  0.2033      0.8001E-01  0.3563E-01 -0.2029E-01
   109.5      0.6560E-01  0.2045      0.7807E-01  0.3252E-01 -0.2113E-01
   110.0      0.6531E-01  0.2055      0.7608E-01  0.2947E-01 -0.2194E-01
   110.5      0.6498E-01  0.2065      0.7402E-01  0.2646E-01 -0.2271E-01
   111.0      0.6461E-01  0.2073      0.7190E-01  0.2351E-01 -0.2344E-01
   111.5      0.6420E-01  0.2080      0.6972E-01  0.2062E-01 -0.2413E-01
   112.0      0.6375E-01  0.2087      0.6748E-01  0.1777E-01 -0.2477E-01
   112.5      0.6327E-01  0.2092      0.6518E-01  0.1498E-01 -0.2538E-01
   113.0      0.6275E-01  0.2096      0.6283E-01  0.1225E-01 -0.2594E-01
   113.5      0.6220E-01  0.2099      0.6043E-01  0.9576E-02 -0.2646E-01
   114.0      0.6161E-01  0.2100      0.5797E-01  0.6958E-02 -0.2694E-01
   114.5      0.6100E-01  0.2101      0.5546E-01  0.4399E-02 -0.2737E-01
   115.0      0.6036E-01  0.2102      0.5290E-01  0.1899E-02 -0.2776E-01
   115.5      0.5969E-01  0.2101      0.5029E-01 -0.5407E-03 -0.2812E-01
   116.0      0.5899E-01  0.2099      0.4763E-01 -0.2920E-02 -0.2843E-01
   116.5      0.5827E-01  0.2096      0.4492E-01 -0.5238E-02 -0.2870E-01
   117.0      0.5753E-01  0.2092      0.4216E-01 -0.7495E-02 -0.2893E-01
   117.5      0.5677E-01  0.2088      0.3935E-01 -0.9688E-02 -0.2912E-01
   118.0      0.5598E-01  0.2082      0.3650E-01 -0.1182E-01 -0.2927E-01
   118.5      0.5518E-01  0.2076      0.3360E-01 -0.1389E-01 -0.2938E-01
   119.0      0.5436E-01  0.2069      0.3065E-01 -0.1589E-01 -0.2946E-01
   119.5      0.5352E-01  0.2061      0.2766E-01 -0.1783E-01 -0.2950E-01
   120.0      0.5267E-01  0.2052      0.2462E-01 -0.1970E-01 -0.2950E-01
   120.5      0.5180E-01  0.2042      0.2153E-01 -0.2150E-01 -0.2947E-01
   121.0      0.5092E-01  0.2031      0.1840E-01 -0.2324E-01 -0.2941E-01
   121.5      0.5004E-01  0.2019      0.1522E-01 -0.2491E-01 -0.2931E-01
   122.0      0.4914E-01  0.2007      0.1200E-01 -0.2651E-01 -0.2919E-01
   122.5      0.4823E-01  0.1994      0.8731E-02 -0.2804E-01 -0.2903E-01
   123.0      0.4732E-01  0.1979      0.5415E-02 -0.2951E-01 -0.2885E-01
   123.5      0.4640E-01  0.1964      0.2053E-02 -0.3090E-01 -0.2865E-01
   124.0      0.4548E-01  0.1948     -0.1356E-02 -0.3222E-01 -0.2841E-01
   124.5      0.4455E-01  0.1931     -0.4811E-02 -0.3347E-01 -0.2816E-01
   125.0      0.4362E-01  0.1913     -0.8314E-02 -0.3465E-01 -0.2788E-01
   125.5      0.4269E-01  0.1894     -0.1186E-01 -0.3576E-01 -0.2759E-01
   126.0      0.4176E-01  0.1874     -0.1546E-01 -0.3679E-01 -0.2728E-01
   126.5      0.4083E-01  0.1853     -0.1910E-01 -0.3774E-01 -0.2695E-01
   127.0      0.3990E-01  0.1832     -0.2279E-01 -0.3862E-01 -0.2660E-01
   127.5      0.3897E-01  0.1809     -0.2653E-01 -0.3942E-01 -0.2624E-01
   128.0      0.3804E-01  0.1785     -0.3032E-01 -0.4015E-01 -0.2587E-01
   128.5      0.3712E-01  0.1760     -0.3415E-01 -0.4079E-01 -0.2549E-01
   129.0      0.3621E-01  0.1734     -0.3803E-01 -0.4136E-01 -0.2510E-01
   129.5      0.3530E-01  0.1707     -0.4195E-01 -0.4185E-01 -0.2470E-01
   130.0      0.3440E-01  0.1678     -0.4593E-01 -0.4225E-01 -0.2429E-01
   130.5      0.3350E-01  0.1649     -0.4994E-01 -0.4257E-01 -0.2388E-01
   131.0      0.3261E-01  0.1618     -0.5400E-01 -0.4280E-01 -0.2346E-01
   131.5      0.3173E-01  0.1586     -0.5811E-01 -0.4295E-01 -0.2304E-01
   132.0      0.3086E-01  0.1553     -0.6225E-01 -0.4301E-01 -0.2261E-01
   132.5      0.2999E-01  0.1518     -0.6644E-01 -0.4298E-01 -0.2218E-01
   133.0      0.2914E-01  0.1482     -0.7066E-01 -0.4286E-01 -0.2175E-01
   133.5      0.2830E-01  0.1444     -0.7492E-01 -0.4265E-01 -0.2132E-01
   134.0      0.2747E-01  0.1405     -0.7921E-01 -0.4234E-01 -0.2089E-01
   134.5      0.2665E-01  0.1365     -0.8354E-01 -0.4194E-01 -0.2046E-01
   135.0      0.2584E-01  0.1322     -0.8790E-01 -0.4143E-01 -0.2002E-01
   135.5      0.2505E-01  0.1278     -0.9228E-01 -0.4083E-01 -0.1959E-01
   136.0      0.2427E-01  0.1233     -0.9668E-01 -0.4013E-01 -0.1916E-01
   136.5      0.2350E-01  0.1185     -0.1011     -0.3932E-01 -0.1872E-01
   137.0      0.2275E-01  0.1136     -0.1055     -0.3841E-01 -0.1829E-01
   137.5      0.2201E-01  0.1084     -0.1100     -0.3738E-01 -0.1786E-01
   138.0      0.2129E-01  0.1031     -0.1144     -0.3625E-01 -0.1743E-01
   138.5      0.2058E-01  0.9754E-01 -0.1189     -0.3500E-01 -0.1699E-01
   139.0      0.1988E-01  0.9177E-01 -0.1233     -0.3364E-01 -0.1656E-01
   139.5      0.1920E-01  0.8576E-01 -0.1277     -0.3217E-01 -0.1612E-01
   140.0      0.1854E-01  0.7952E-01 -0.1321     -0.3057E-01 -0.1569E-01
   140.5      0.1789E-01  0.7303E-01 -0.1365     -0.2886E-01 -0.1525E-01
   141.0      0.1726E-01  0.6629E-01 -0.1408     -0.2702E-01 -0.1482E-01
   141.5      0.1665E-01  0.5929E-01 -0.1451     -0.2506E-01 -0.1438E-01
   142.0      0.1605E-01  0.5203E-01 -0.1493     -0.2298E-01 -0.1394E-01
   142.5      0.1547E-01  0.4449E-01 -0.1534     -0.2077E-01 -0.1350E-01
   143.0      0.1491E-01  0.3667E-01 -0.1575     -0.1843E-01 -0.1306E-01
   143.5      0.1436E-01  0.2857E-01 -0.1615     -0.1597E-01 -0.1262E-01
   144.0      0.1383E-01  0.2018E-01 -0.1653     -0.1339E-01 -0.1219E-01
   144.5      0.1332E-01  0.1150E-01 -0.1690     -0.1068E-01 -0.1175E-01
   145.0      0.1283E-01  0.2530E-02 -0.1726     -0.7845E-02 -0.1132E-01
   145.5      0.1235E-01 -0.6727E-02 -0.1761     -0.4893E-02 -0.1089E-01
   146.0      0.1189E-01 -0.1627E-01 -0.1793     -0.1826E-02 -0.1046E-01
   146.5      0.1145E-01 -0.2609E-01 -0.1824      0.1353E-02 -0.1005E-01
   147.0      0.1102E-01 -0.3618E-01 -0.1852      0.4637E-02 -0.9637E-02
   147.5      0.1061E-01 -0.4652E-01 -0.1878      0.8021E-02 -0.9239E-02
   148.0      0.1022E-01 -0.5710E-01 -0.1902      0.1150E-01 -0.8854E-02
   148.5      0.9850E-02 -0.6790E-01 -0.1923      0.1505E-01 -0.8483E-02
   149.0      0.9494E-02 -0.7889E-01 -0.1940      0.1868E-01 -0.8129E-02
   149.5      0.9154E-02 -0.9004E-01 -0.1955      0.2236E-01 -0.7794E-02
   150.0      0.8832E-02 -0.1013     -0.1966      0.2609E-01 -0.7480E-02
   150.5      0.8525E-02 -0.1127     -0.1973      0.2984E-01 -0.7191E-02
   151.0      0.8235E-02 -0.1241     -0.1977      0.3361E-01 -0.6927E-02
   151.5      0.7961E-02 -0.1355     -0.1977      0.3736E-01 -0.6690E-02
   152.0      0.7702E-02 -0.1469     -0.1972      0.4109E-01 -0.6483E-02
   152.5      0.7459E-02 -0.1581     -0.1963      0.4476E-01 -0.6307E-02
   153.0      0.7231E-02 -0.1691     -0.1949      0.4836E-01 -0.6163E-02
   153.5      0.7017E-02 -0.1799     -0.1931      0.5186E-01 -0.6050E-02
   154.0      0.6819E-02 -0.1904     -0.1908      0.5524E-01 -0.5970E-02
   154.5      0.6634E-02 -0.2005     -0.1880      0.5847E-01 -0.5921E-02
   155.0      0.6463E-02 -0.2101     -0.1848      0.6153E-01 -0.5903E-02
   155.5      0.6305E-02 -0.2192     -0.1811      0.6439E-01 -0.5913E-02
   156.0      0.6161E-02 -0.2277     -0.1769      0.6705E-01 -0.5949E-02
   156.5      0.6028E-02 -0.2355     -0.1723      0.6946E-01 -0.6008E-02
   157.0      0.5908E-02 -0.2427     -0.1674      0.7163E-01 -0.6087E-02
   157.5      0.5800E-02 -0.2490     -0.1620      0.7352E-01 -0.6181E-02
   158.0      0.5703E-02 -0.2546     -0.1562      0.7514E-01 -0.6287E-02
   158.5      0.5617E-02 -0.2593     -0.1502      0.7647E-01 -0.6399E-02
   159.0      0.5541E-02 -0.2631     -0.1439      0.7750E-01 -0.6513E-02
   159.5      0.5475E-02 -0.2661     -0.1373      0.7824E-01 -0.6624E-02
   160.0      0.5419E-02 -0.2682     -0.1305      0.7869E-01 -0.6727E-02
   160.5      0.5371E-02 -0.2694     -0.1236      0.7884E-01 -0.6818E-02
   161.0      0.5332E-02 -0.2697     -0.1166      0.7871E-01 -0.6894E-02
   161.5      0.5301E-02 -0.2691     -0.1095      0.7831E-01 -0.6950E-02
   162.0      0.5277E-02 -0.2678     -0.1024      0.7766E-01 -0.6983E-02
   162.5      0.5261E-02 -0.2656     -0.9535E-01  0.7676E-01 -0.6990E-02
   163.0      0.5251E-02 -0.2628     -0.8832E-01  0.7563E-01 -0.6971E-02
   163.5      0.5248E-02 -0.2592     -0.8139E-01  0.7430E-01 -0.6922E-02
   164.0      0.5250E-02 -0.2550     -0.7458E-01  0.7277E-01 -0.6845E-02
   164.5      0.5257E-02 -0.2501     -0.6792E-01  0.7108E-01 -0.6738E-02
   165.0      0.5269E-02 -0.2448     -0.6144E-01  0.6924E-01 -0.6602E-02
   165.5      0.5285E-02 -0.2389     -0.5515E-01  0.6726E-01 -0.6439E-02
   166.0      0.5306E-02 -0.2326     -0.4908E-01  0.6518E-01 -0.6249E-02
   166.5      0.5330E-02 -0.2259     -0.4323E-01  0.6299E-01 -0.6035E-02
   167.0      0.5357E-02 -0.2189     -0.3763E-01  0.6073E-01 -0.5798E-02
   167.5      0.5386E-02 -0.2115     -0.3227E-01  0.5840E-01 -0.5541E-02
   168.0      0.5418E-02 -0.2039     -0.2716E-01  0.5602E-01 -0.5267E-02
   168.5      0.5452E-02 -0.1961     -0.2231E-01  0.5360E-01 -0.4979E-02
   169.0      0.5487E-02 -0.1881     -0.1771E-01  0.5115E-01 -0.4679E-02
   169.5      0.5523E-02 -0.1800     -0.1337E-01  0.4869E-01 -0.4371E-02
   170.0      0.5560E-02 -0.1717     -0.9280E-02  0.4622E-01 -0.4057E-02
   170.5      0.5598E-02 -0.1633     -0.5443E-02  0.4375E-01 -0.3740E-02
   171.0      0.5635E-02 -0.1548     -0.1850E-02  0.4128E-01 -0.3423E-02
   171.5      0.5673E-02 -0.1463      0.1501E-02  0.3883E-01 -0.3109E-02
   172.0      0.5710E-02 -0.1377      0.4618E-02  0.3639E-01 -0.2800E-02
   172.5      0.5746E-02 -0.1291      0.7505E-02  0.3397E-01 -0.2498E-02
   173.0      0.5781E-02 -0.1204      0.1017E-01  0.3156E-01 -0.2207E-02
   173.5      0.5815E-02 -0.1118      0.1262E-01  0.2918E-01 -0.1927E-02
   174.0      0.5847E-02 -0.1031      0.1486E-01  0.2683E-01 -0.1660E-02
   174.5      0.5877E-02 -0.9450E-01  0.1689E-01  0.2449E-01 -0.1409E-02
   175.0      0.5906E-02 -0.8586E-01  0.1873E-01  0.2218E-01 -0.1175E-02
   175.5      0.5932E-02 -0.7723E-01  0.2037E-01  0.1989E-01 -0.9598E-03
   176.0      0.5956E-02 -0.6861E-01  0.2182E-01  0.1762E-01 -0.7637E-03
   176.5      0.5978E-02 -0.6000E-01  0.2310E-01  0.1537E-01 -0.5883E-03
   177.0      0.5997E-02 -0.5140E-01  0.2419E-01  0.1314E-01 -0.4345E-03
   177.5      0.6013E-02 -0.4281E-01  0.2511E-01  0.1093E-01 -0.3031E-03
   178.0      0.6026E-02 -0.3424E-01  0.2586E-01  0.8725E-02 -0.1947E-03
   178.5      0.6037E-02 -0.2567E-01  0.2644E-01  0.6534E-02 -0.1098E-03
   179.0      0.6045E-02 -0.1711E-01  0.2685E-01  0.4351E-02 -0.4889E-04
   179.5      0.6049E-02 -0.8553E-02  0.2709E-01  0.2174E-02 -0.1224E-04
   180.0      0.6051E-02   0.000      0.2718E-01   0.000       0.000    
