   0.000       71.05       0.000     -0.2047E-01   0.000       0.000    
  0.5000       70.99      0.3591E-04 -0.2046E-01  0.5245E-03 -0.1595E-04
   1.000       70.83      0.7199E-04 -0.2043E-01  0.1049E-02 -0.6380E-04
   1.500       70.56      0.1084E-03 -0.2038E-01  0.1573E-02 -0.1436E-03
   2.000       70.19      0.1453E-03 -0.2032E-01  0.2097E-02 -0.2552E-03
   2.500       69.71      0.1829E-03 -0.2023E-01  0.2621E-02 -0.3987E-03
   3.000       69.12      0.2214E-03 -0.2012E-01  0.3144E-02 -0.5741E-03
   3.500       68.44      0.2610E-03 -0.2000E-01  0.3667E-02 -0.7813E-03
   4.000       67.67      0.3019E-03 -0.1986E-01  0.4190E-02 -0.1020E-02
   4.500       66.80      0.3444E-03 -0.1970E-01  0.4712E-02 -0.1291E-02
   5.000       65.84      0.3886E-03 -0.1952E-01  0.5233E-02 -0.1594E-02
   5.500       64.81      0.4350E-03 -0.1933E-01  0.5754E-02 -0.1928E-02
   6.000       63.69      0.4838E-03 -0.1912E-01  0.6273E-02 -0.2294E-02
   6.500       62.50      0.5354E-03 -0.1890E-01  0.6793E-02 -0.2691E-02
   7.000       61.24      0.5902E-03 -0.1867E-01  0.7311E-02 -0.3119E-02
   7.500       59.92      0.6484E-03 -0.1843E-01  0.7828E-02 -0.3579E-02
   8.000       58.55      0.7107E-03 -0.1818E-01  0.8345E-02 -0.4070E-02
   8.500       57.12      0.7775E-03 -0.1791E-01  0.8861E-02 -0.4591E-02
   9.000       55.65      0.8492E-03 -0.1765E-01  0.9376E-02 -0.5143E-02
   9.500       54.14      0.9266E-03 -0.1737E-01  0.9891E-02 -0.5724E-02
   10.00       52.60      0.1010E-02 -0.1709E-01  0.1040E-01 -0.6335E-02
   10.50       51.04      0.1100E-02 -0.1681E-01  0.1092E-01 -0.6975E-02
   11.00       49.45      0.1198E-02 -0.1653E-01  0.1143E-01 -0.7644E-02
   11.50       47.85      0.1304E-02 -0.1626E-01  0.1194E-01 -0.8340E-02
   12.00       46.24      0.1419E-02 -0.1598E-01  0.1246E-01 -0.9063E-02
   12.50       44.63      0.1544E-02 -0.1572E-01  0.1297E-01 -0.9813E-02
   13.00       43.02      0.1679E-02 -0.1546E-01  0.1348E-01 -0.1059E-01
   13.50       41.41      0.1826E-02 -0.1522E-01  0.1400E-01 -0.1139E-01
   14.00       39.82      0.1986E-02 -0.1499E-01  0.1451E-01 -0.1221E-01
   14.50       38.24      0.2159E-02 -0.1478E-01  0.1503E-01 -0.1305E-01
   15.00       36.69      0.2346E-02 -0.1459E-01  0.1554E-01 -0.1391E-01
   15.50       35.16      0.2548E-02 -0.1443E-01  0.1607E-01 -0.1479E-01
   16.00       33.65      0.2767E-02 -0.1429E-01  0.1659E-01 -0.1568E-01
   16.50       32.18      0.3003E-02 -0.1419E-01  0.1712E-01 -0.1659E-01
   17.00       30.74      0.3257E-02 -0.1412E-01  0.1765E-01 -0.1751E-01
   17.50       29.34      0.3531E-02 -0.1409E-01  0.1819E-01 -0.1843E-01
   18.00       27.97      0.3824E-02 -0.1410E-01  0.1873E-01 -0.1936E-01
   18.50       26.65      0.4138E-02 -0.1416E-01  0.1928E-01 -0.2029E-01
   19.00       25.37      0.4474E-02 -0.1427E-01  0.1983E-01 -0.2122E-01
   19.50       24.13      0.4832E-02 -0.1443E-01  0.2040E-01 -0.2214E-01
   20.00       22.94      0.5213E-02 -0.1466E-01  0.2097E-01 -0.2305E-01
   20.50       21.79      0.5617E-02 -0.1494E-01  0.2156E-01 -0.2394E-01
   21.00       20.69      0.6043E-02 -0.1529E-01  0.2215E-01 -0.2482E-01
   21.50       19.64      0.6493E-02 -0.1571E-01  0.2275E-01 -0.2567E-01
   22.00       18.63      0.6966E-02 -0.1621E-01  0.2337E-01 -0.2648E-01
   22.50       17.67      0.7461E-02 -0.1678E-01  0.2400E-01 -0.2726E-01
   23.00       16.75      0.7978E-02 -0.1743E-01  0.2464E-01 -0.2800E-01
   23.50       15.88      0.8514E-02 -0.1816E-01  0.2529E-01 -0.2868E-01
   24.00       15.05      0.9069E-02 -0.1897E-01  0.2595E-01 -0.2931E-01
   24.50       14.27      0.9640E-02 -0.1986E-01  0.2663E-01 -0.2988E-01
   25.00       13.53      0.1023E-01 -0.2084E-01  0.2732E-01 -0.3038E-01
   25.50       12.83      0.1082E-01 -0.2190E-01  0.2801E-01 -0.3080E-01
   26.00       12.17      0.1143E-01 -0.2304E-01  0.2872E-01 -0.3114E-01
   26.50       11.56      0.1203E-01 -0.2425E-01  0.2943E-01 -0.3139E-01
   27.00       10.97      0.1264E-01 -0.2553E-01  0.3014E-01 -0.3156E-01
   27.50       10.43      0.1324E-01 -0.2688E-01  0.3085E-01 -0.3162E-01
   28.00       9.918      0.1384E-01 -0.2829E-01  0.3157E-01 -0.3159E-01
   28.50       9.441      0.1441E-01 -0.2975E-01  0.3227E-01 -0.3146E-01
   29.00       8.995      0.1497E-01 -0.3124E-01  0.3297E-01 -0.3122E-01
   29.50       8.579      0.1550E-01 -0.3277E-01  0.3365E-01 -0.3088E-01
   30.00       8.192      0.1600E-01 -0.3431E-01  0.3430E-01 -0.3044E-01
   30.50       7.831      0.1646E-01 -0.3585E-01  0.3494E-01 -0.2990E-01
   31.00       7.496      0.1688E-01 -0.3738E-01  0.3554E-01 -0.2926E-01
   31.50       7.185      0.1725E-01 -0.3888E-01  0.3611E-01 -0.2854E-01
   32.00       6.896      0.1757E-01 -0.4035E-01  0.3664E-01 -0.2773E-01
   32.50       6.628      0.1783E-01 -0.4176E-01  0.3712E-01 -0.2686E-01
   33.00       6.379      0.1803E-01 -0.4310E-01  0.3755E-01 -0.2591E-01
   33.50       6.149      0.1817E-01 -0.4435E-01  0.3792E-01 -0.2492E-01
   34.00       5.935      0.1824E-01 -0.4551E-01  0.3823E-01 -0.2388E-01
   34.50       5.738      0.1825E-01 -0.4655E-01  0.3848E-01 -0.2281E-01
   35.00       5.554      0.1819E-01 -0.4748E-01  0.3867E-01 -0.2173E-01
   35.50       5.383      0.1805E-01 -0.4828E-01  0.3878E-01 -0.2063E-01
   36.00       5.225      0.1786E-01 -0.4894E-01  0.3883E-01 -0.1955E-01
   36.50       5.078      0.1759E-01 -0.4946E-01  0.3880E-01 -0.1848E-01
   37.00       4.940      0.1727E-01 -0.4983E-01  0.3871E-01 -0.1743E-01
   37.50       4.812      0.1688E-01 -0.5005E-01  0.3854E-01 -0.1643E-01
   38.00       4.692      0.1644E-01 -0.5012E-01  0.3830E-01 -0.1547E-01
   38.50       4.579      0.1594E-01 -0.5005E-01  0.3799E-01 -0.1457E-01
   39.00       4.473      0.1539E-01 -0.4982E-01  0.3761E-01 -0.1373E-01
   39.50       4.373      0.1479E-01 -0.4945E-01  0.3717E-01 -0.1295E-01
   40.00       4.278      0.1415E-01 -0.4894E-01  0.3666E-01 -0.1225E-01
   40.50       4.188      0.1347E-01 -0.4830E-01  0.3609E-01 -0.1163E-01
   41.00       4.102      0.1276E-01 -0.4752E-01  0.3547E-01 -0.1109E-01
   41.50       4.019      0.1201E-01 -0.4662E-01  0.3478E-01 -0.1063E-01
   42.00       3.940      0.1124E-01 -0.4561E-01  0.3404E-01 -0.1025E-01
   42.50       3.863      0.1044E-01 -0.4449E-01  0.3325E-01 -0.9952E-02
   43.00       3.789      0.9628E-02 -0.4327E-01  0.3242E-01 -0.9739E-02
   43.50       3.716      0.8795E-02 -0.4196E-01  0.3153E-01 -0.9606E-02
   44.00       3.646      0.7948E-02 -0.4056E-01  0.3060E-01 -0.9553E-02
   44.50       3.576      0.7091E-02 -0.3908E-01  0.2963E-01 -0.9577E-02
   45.00       3.508      0.6226E-02 -0.3753E-01  0.2862E-01 -0.9677E-02
   45.50       3.442      0.5355E-02 -0.3592E-01  0.2757E-01 -0.9848E-02
   46.00       3.375      0.4482E-02 -0.3426E-01  0.2649E-01 -0.1009E-01
   46.50       3.310      0.3609E-02 -0.3254E-01  0.2537E-01 -0.1039E-01
   47.00       3.245      0.2738E-02 -0.3078E-01  0.2422E-01 -0.1076E-01
   47.50       3.181      0.1871E-02 -0.2899E-01  0.2303E-01 -0.1119E-01
   48.00       3.118      0.1010E-02 -0.2716E-01  0.2182E-01 -0.1167E-01
   48.50       3.054      0.1574E-03 -0.2531E-01  0.2058E-01 -0.1221E-01
   49.00       2.991     -0.6849E-03 -0.2344E-01  0.1931E-01 -0.1279E-01
   49.50       2.929     -0.1515E-02 -0.2156E-01  0.1802E-01 -0.1342E-01
   50.00       2.866     -0.2331E-02 -0.1966E-01  0.1670E-01 -0.1409E-01
   50.50       2.804     -0.3132E-02 -0.1777E-01  0.1535E-01 -0.1479E-01
   51.00       2.743     -0.3915E-02 -0.1587E-01  0.1399E-01 -0.1553E-01
   51.50       2.682     -0.4679E-02 -0.1397E-01  0.1260E-01 -0.1630E-01
   52.00       2.621     -0.5422E-02 -0.1208E-01  0.1120E-01 -0.1710E-01
   52.50       2.560     -0.6143E-02 -0.1021E-01  0.9776E-02 -0.1792E-01
   53.00       2.501     -0.6839E-02 -0.8347E-02  0.8336E-02 -0.1876E-01
   53.50       2.441     -0.7510E-02 -0.6504E-02  0.6881E-02 -0.1962E-01
   54.00       2.382     -0.8153E-02 -0.4682E-02  0.5412E-02 -0.2049E-01
   54.50       2.324     -0.8767E-02 -0.2884E-02  0.3931E-02 -0.2138E-01
   55.00       2.267     -0.9352E-02 -0.1112E-02  0.2439E-02 -0.2227E-01
   55.50       2.210     -0.9904E-02  0.6309E-03  0.9386E-03 -0.2317E-01
   56.00       2.154     -0.1042E-01  0.2342E-02 -0.5695E-03 -0.2408E-01
   56.50       2.098     -0.1091E-01  0.4020E-02 -0.2083E-02 -0.2498E-01
   57.00       2.044     -0.1136E-01  0.5662E-02 -0.3600E-02 -0.2589E-01
   57.50       1.990     -0.1177E-01  0.7266E-02 -0.5119E-02 -0.2679E-01
   58.00       1.938     -0.1214E-01  0.8831E-02 -0.6638E-02 -0.2768E-01
   58.50       1.886     -0.1248E-01  0.1035E-01 -0.8155E-02 -0.2857E-01
   59.00       1.835     -0.1277E-01  0.1183E-01 -0.9668E-02 -0.2945E-01
   59.50       1.785     -0.1303E-01  0.1327E-01 -0.1118E-01 -0.3031E-01
   60.00       1.736     -0.1324E-01  0.1466E-01 -0.1268E-01 -0.3117E-01
   60.50       1.689     -0.1341E-01  0.1599E-01 -0.1416E-01 -0.3200E-01
   61.00       1.642     -0.1354E-01  0.1728E-01 -0.1564E-01 -0.3282E-01
   61.50       1.597     -0.1363E-01  0.1852E-01 -0.1711E-01 -0.3362E-01
   62.00       1.552     -0.1367E-01  0.1971E-01 -0.1856E-01 -0.3440E-01
   62.50       1.509     -0.1367E-01  0.2083E-01 -0.1999E-01 -0.3517E-01
   63.00       1.466     -0.1363E-01  0.2191E-01 -0.2141E-01 -0.3590E-01
   63.50       1.425     -0.1354E-01  0.2292E-01 -0.2280E-01 -0.3662E-01
   64.00       1.385     -0.1341E-01  0.2387E-01 -0.2417E-01 -0.3731E-01
   64.50       1.346     -0.1324E-01  0.2476E-01 -0.2552E-01 -0.3798E-01
   65.00       1.308     -0.1303E-01  0.2559E-01 -0.2685E-01 -0.3862E-01
   65.50       1.271     -0.1278E-01  0.2635E-01 -0.2815E-01 -0.3923E-01
   66.00       1.235     -0.1249E-01  0.2704E-01 -0.2943E-01 -0.3982E-01
   66.50       1.200     -0.1216E-01  0.2766E-01 -0.3068E-01 -0.4038E-01
   67.00       1.167     -0.1180E-01  0.2820E-01 -0.3190E-01 -0.4092E-01
   67.50       1.134     -0.1140E-01  0.2867E-01 -0.3309E-01 -0.4142E-01
   68.00       1.102     -0.1096E-01  0.2907E-01 -0.3426E-01 -0.4191E-01
   68.50       1.071     -0.1049E-01  0.2938E-01 -0.3540E-01 -0.4236E-01
   69.00       1.041     -0.9997E-02  0.2962E-01 -0.3650E-01 -0.4279E-01
   69.50       1.012     -0.9471E-02  0.2977E-01 -0.3759E-01 -0.4319E-01
   70.00      0.9841     -0.8920E-02  0.2983E-01 -0.3864E-01 -0.4356E-01
   70.50      0.9568     -0.8346E-02  0.2981E-01 -0.3966E-01 -0.4391E-01
   71.00      0.9303     -0.7751E-02  0.2970E-01 -0.4066E-01 -0.4424E-01
   71.50      0.9046     -0.7138E-02  0.2950E-01 -0.4163E-01 -0.4455E-01
   72.00      0.8797     -0.6510E-02  0.2920E-01 -0.4258E-01 -0.4483E-01
   72.50      0.8555     -0.5870E-02  0.2881E-01 -0.4350E-01 -0.4509E-01
   73.00      0.8320     -0.5220E-02  0.2833E-01 -0.4439E-01 -0.4534E-01
   73.50      0.8092     -0.4565E-02  0.2775E-01 -0.4527E-01 -0.4556E-01
   74.00      0.7871     -0.3907E-02  0.2707E-01 -0.4612E-01 -0.4577E-01
   74.50      0.7656     -0.3250E-02  0.2630E-01 -0.4695E-01 -0.4597E-01
   75.00      0.7447     -0.2597E-02  0.2542E-01 -0.4776E-01 -0.4615E-01
   75.50      0.7244     -0.1953E-02  0.2444E-01 -0.4856E-01 -0.4632E-01
   76.00      0.7046     -0.1321E-02  0.2337E-01 -0.4933E-01 -0.4648E-01
   76.50      0.6854     -0.7037E-03  0.2219E-01 -0.5009E-01 -0.4664E-01
   77.00      0.6666     -0.1061E-03  0.2091E-01 -0.5084E-01 -0.4679E-01
   77.50      0.6484      0.4683E-03  0.1953E-01 -0.5158E-01 -0.4693E-01
   78.00      0.6305      0.1016E-02  0.1805E-01 -0.5230E-01 -0.4707E-01
   78.50      0.6132      0.1532E-02  0.1646E-01 -0.5302E-01 -0.4722E-01
   79.00      0.5962      0.2013E-02  0.1477E-01 -0.5373E-01 -0.4736E-01
   79.50      0.5796      0.2456E-02  0.1298E-01 -0.5443E-01 -0.4751E-01
   80.00      0.5635      0.2857E-02  0.1108E-01 -0.5512E-01 -0.4766E-01
   80.50      0.5476      0.3211E-02  0.9084E-02 -0.5581E-01 -0.4782E-01
   81.00      0.5321      0.3515E-02  0.6979E-02 -0.5650E-01 -0.4799E-01
   81.50      0.5170      0.3766E-02  0.4768E-02 -0.5719E-01 -0.4817E-01
   82.00      0.5021      0.3959E-02  0.2450E-02 -0.5787E-01 -0.4835E-01
   82.50      0.4876      0.4091E-02  0.2384E-04 -0.5855E-01 -0.4856E-01
   83.00      0.4733      0.4159E-02 -0.2512E-02 -0.5923E-01 -0.4877E-01
   83.50      0.4593      0.4159E-02 -0.5158E-02 -0.5992E-01 -0.4901E-01
   84.00      0.4456      0.4088E-02 -0.7917E-02 -0.6060E-01 -0.4926E-01
   84.50      0.4321      0.3943E-02 -0.1079E-01 -0.6129E-01 -0.4952E-01
   85.00      0.4189      0.3719E-02 -0.1378E-01 -0.6197E-01 -0.4981E-01
   85.50      0.4060      0.3416E-02 -0.1689E-01 -0.6266E-01 -0.5012E-01
   86.00      0.3932      0.3028E-02 -0.2013E-01 -0.6334E-01 -0.5045E-01
   86.50      0.3807      0.2553E-02 -0.2349E-01 -0.6403E-01 -0.5080E-01
   87.00      0.3684      0.1988E-02 -0.2697E-01 -0.6472E-01 -0.5118E-01
   87.50      0.3564      0.1329E-02 -0.3059E-01 -0.6540E-01 -0.5158E-01
   88.00      0.3446      0.5750E-03 -0.3435E-01 -0.6608E-01 -0.5201E-01
   88.50      0.3329     -0.2786E-03 -0.3825E-01 -0.6676E-01 -0.5247E-01
   89.00      0.3215     -0.1235E-02 -0.4229E-01 -0.6743E-01 -0.5295E-01
   89.50      0.3104     -0.2296E-02 -0.4648E-01 -0.6809E-01 -0.5346E-01
   90.00      0.2994     -0.3467E-02 -0.5082E-01 -0.6875E-01 -0.5400E-01
   90.50      0.2886     -0.4749E-02 -0.5532E-01 -0.6939E-01 -0.5458E-01
   91.00      0.2781     -0.6147E-02 -0.5999E-01 -0.7002E-01 -0.5518E-01
   91.50      0.2677     -0.7665E-02 -0.6482E-01 -0.7063E-01 -0.5582E-01
   92.00      0.2576     -0.9305E-02 -0.6983E-01 -0.7123E-01 -0.5649E-01
   92.50      0.2477     -0.1107E-01 -0.7501E-01 -0.7180E-01 -0.5720E-01
   93.00      0.2380     -0.1297E-01 -0.8038E-01 -0.7234E-01 -0.5794E-01
   93.50      0.2286     -0.1500E-01 -0.8593E-01 -0.7285E-01 -0.5872E-01
   94.00      0.2193     -0.1718E-01 -0.9168E-01 -0.7333E-01 -0.5955E-01
   94.50      0.2103     -0.1950E-01 -0.9762E-01 -0.7377E-01 -0.6041E-01
   95.00      0.2015     -0.2197E-01 -0.1038     -0.7417E-01 -0.6131E-01
   95.50      0.1930     -0.2459E-01 -0.1101     -0.7452E-01 -0.6226E-01
   96.00      0.1846     -0.2738E-01 -0.1167     -0.7482E-01 -0.6325E-01
   96.50      0.1765     -0.3033E-01 -0.1234     -0.7505E-01 -0.6428E-01
   97.00      0.1686     -0.3346E-01 -0.1304     -0.7522E-01 -0.6536E-01
   97.50      0.1610     -0.3677E-01 -0.1376     -0.7532E-01 -0.6649E-01
   98.00      0.1536     -0.4026E-01 -0.1450     -0.7533E-01 -0.6767E-01
   98.50      0.1464     -0.4394E-01 -0.1527     -0.7526E-01 -0.6889E-01
   99.00      0.1395     -0.4782E-01 -0.1605     -0.7510E-01 -0.7016E-01
   99.50      0.1328     -0.5191E-01 -0.1685     -0.7483E-01 -0.7149E-01
   100.0      0.1263     -0.5621E-01 -0.1767     -0.7445E-01 -0.7286E-01
   100.5      0.1201     -0.6072E-01 -0.1851     -0.7395E-01 -0.7427E-01
   101.0      0.1141     -0.6545E-01 -0.1937     -0.7332E-01 -0.7573E-01
   101.5      0.1084     -0.7040E-01 -0.2024     -0.7255E-01 -0.7724E-01
   102.0      0.1029     -0.7557E-01 -0.2112     -0.7163E-01 -0.7878E-01
   102.5      0.9764E-01 -0.8096E-01 -0.2200     -0.7055E-01 -0.8036E-01
   103.0      0.9261E-01 -0.8657E-01 -0.2290     -0.6930E-01 -0.8196E-01
   103.5      0.8783E-01 -0.9239E-01 -0.2379     -0.6788E-01 -0.8358E-01
   104.0      0.8327E-01 -0.9841E-01 -0.2468     -0.6627E-01 -0.8522E-01
   104.5      0.7896E-01 -0.1046     -0.2555     -0.6447E-01 -0.8685E-01
   105.0      0.7487E-01 -0.1110     -0.2640     -0.6248E-01 -0.8847E-01
   105.5      0.7101E-01 -0.1175     -0.2723     -0.6028E-01 -0.9006E-01
   106.0      0.6738E-01 -0.1241     -0.2801     -0.5788E-01 -0.9160E-01
   106.5      0.6397E-01 -0.1307     -0.2875     -0.5529E-01 -0.9307E-01
   107.0      0.6078E-01 -0.1373     -0.2942     -0.5250E-01 -0.9445E-01
   107.5      0.5781E-01 -0.1439     -0.3001     -0.4954E-01 -0.9571E-01
   108.0      0.5506E-01 -0.1504     -0.3052     -0.4642E-01 -0.9682E-01
   108.5      0.5252E-01 -0.1566     -0.3092     -0.4317E-01 -0.9775E-01
   109.0      0.5018E-01 -0.1625     -0.3120     -0.3981E-01 -0.9846E-01
   109.5      0.4805E-01 -0.1680     -0.3135     -0.3639E-01 -0.9894E-01
   110.0      0.4611E-01 -0.1729     -0.3134     -0.3295E-01 -0.9913E-01
   110.5      0.4437E-01 -0.1773     -0.3118     -0.2955E-01 -0.9903E-01
   111.0      0.4283E-01 -0.1809     -0.3084     -0.2624E-01 -0.9860E-01
   111.5      0.4146E-01 -0.1837     -0.3033     -0.2309E-01 -0.9781E-01
   112.0      0.4028E-01 -0.1856     -0.2963     -0.2016E-01 -0.9667E-01
   112.5      0.3927E-01 -0.1865     -0.2876     -0.1752E-01 -0.9516E-01
   113.0      0.3843E-01 -0.1864     -0.2771     -0.1522E-01 -0.9328E-01
   113.5      0.3776E-01 -0.1852     -0.2649     -0.1333E-01 -0.9106E-01
   114.0      0.3725E-01 -0.1829     -0.2513     -0.1189E-01 -0.8851E-01
   114.5      0.3689E-01 -0.1796     -0.2364     -0.1094E-01 -0.8566E-01
   115.0      0.3669E-01 -0.1753     -0.2203     -0.1049E-01 -0.8256E-01
   115.5      0.3662E-01 -0.1701     -0.2035     -0.1057E-01 -0.7925E-01
   116.0      0.3670E-01 -0.1640     -0.1861     -0.1116E-01 -0.7578E-01
   116.5      0.3691E-01 -0.1573     -0.1684     -0.1226E-01 -0.7220E-01
   117.0      0.3725E-01 -0.1500     -0.1506     -0.1383E-01 -0.6856E-01
   117.5      0.3771E-01 -0.1422     -0.1330     -0.1584E-01 -0.6490E-01
   118.0      0.3829E-01 -0.1341     -0.1158     -0.1825E-01 -0.6127E-01
   118.5      0.3898E-01 -0.1258     -0.9919E-01 -0.2101E-01 -0.5771E-01
   119.0      0.3977E-01 -0.1174     -0.8326E-01 -0.2407E-01 -0.5426E-01
   119.5      0.4067E-01 -0.1090     -0.6817E-01 -0.2738E-01 -0.5093E-01
   120.0      0.4166E-01 -0.1006     -0.5399E-01 -0.3089E-01 -0.4775E-01
   120.5      0.4274E-01 -0.9245E-01 -0.4078E-01 -0.3456E-01 -0.4473E-01
   121.0      0.4391E-01 -0.8447E-01 -0.2857E-01 -0.3834E-01 -0.4189E-01
   121.5      0.4516E-01 -0.7676E-01 -0.1738E-01 -0.4219E-01 -0.3922E-01
   122.0      0.4649E-01 -0.6933E-01 -0.7189E-02 -0.4608E-01 -0.3674E-01
   122.5      0.4788E-01 -0.6223E-01  0.2017E-02 -0.4998E-01 -0.3443E-01
   123.0      0.4935E-01 -0.5547E-01  0.1027E-01 -0.5386E-01 -0.3231E-01
   123.5      0.5087E-01 -0.4905E-01  0.1762E-01 -0.5771E-01 -0.3035E-01
   124.0      0.5245E-01 -0.4297E-01  0.2411E-01 -0.6149E-01 -0.2855E-01
   124.5      0.5409E-01 -0.3724E-01  0.2978E-01 -0.6521E-01 -0.2691E-01
   125.0      0.5577E-01 -0.3185E-01  0.3469E-01 -0.6884E-01 -0.2541E-01
   125.5      0.5750E-01 -0.2679E-01  0.3889E-01 -0.7238E-01 -0.2405E-01
   126.0      0.5927E-01 -0.2204E-01  0.4243E-01 -0.7582E-01 -0.2281E-01
   126.5      0.6107E-01 -0.1760E-01  0.4537E-01 -0.7915E-01 -0.2170E-01
   127.0      0.6291E-01 -0.1344E-01  0.4774E-01 -0.8237E-01 -0.2069E-01
   127.5      0.6478E-01 -0.9559E-02  0.4959E-01 -0.8548E-01 -0.1978E-01
   128.0      0.6668E-01 -0.5936E-02  0.5097E-01 -0.8847E-01 -0.1896E-01
   128.5      0.6860E-01 -0.2556E-02  0.5190E-01 -0.9135E-01 -0.1823E-01
   129.0      0.7054E-01  0.5954E-03  0.5244E-01 -0.9412E-01 -0.1757E-01
   129.5      0.7250E-01  0.3532E-02  0.5262E-01 -0.9677E-01 -0.1698E-01
   130.0      0.7447E-01  0.6269E-02  0.5245E-01 -0.9931E-01 -0.1646E-01
   130.5      0.7646E-01  0.8818E-02  0.5199E-01 -0.1017     -0.1600E-01
   131.0      0.7845E-01  0.1119E-01  0.5124E-01 -0.1040     -0.1559E-01
   131.5      0.8046E-01  0.1340E-01  0.5023E-01 -0.1062     -0.1523E-01
   132.0      0.8247E-01  0.1546E-01  0.4900E-01 -0.1083     -0.1491E-01
   132.5      0.8449E-01  0.1738E-01  0.4755E-01 -0.1103     -0.1463E-01
   133.0      0.8651E-01  0.1917E-01  0.4591E-01 -0.1122     -0.1439E-01
   133.5      0.8853E-01  0.2083E-01  0.4409E-01 -0.1140     -0.1418E-01
   134.0      0.9055E-01  0.2238E-01  0.4211E-01 -0.1157     -0.1399E-01
   134.5      0.9257E-01  0.2382E-01  0.3999E-01 -0.1173     -0.1384E-01
   135.0      0.9459E-01  0.2516E-01  0.3773E-01 -0.1188     -0.1371E-01
   135.5      0.9660E-01  0.2641E-01  0.3535E-01 -0.1201     -0.1360E-01
   136.0      0.9861E-01  0.2757E-01  0.3287E-01 -0.1214     -0.1351E-01
   136.5      0.1006      0.2865E-01  0.3028E-01 -0.1226     -0.1343E-01
   137.0      0.1026      0.2965E-01  0.2761E-01 -0.1238     -0.1337E-01
   137.5      0.1046      0.3058E-01  0.2486E-01 -0.1248     -0.1332E-01
   138.0      0.1066      0.3145E-01  0.2204E-01 -0.1257     -0.1329E-01
   138.5      0.1086      0.3225E-01  0.1916E-01 -0.1266     -0.1326E-01
   139.0      0.1105      0.3299E-01  0.1622E-01 -0.1273     -0.1324E-01
   139.5      0.1125      0.3367E-01  0.1324E-01 -0.1280     -0.1323E-01
   140.0      0.1145      0.3430E-01  0.1021E-01 -0.1286     -0.1322E-01
   140.5      0.1164      0.3488E-01  0.7155E-02 -0.1291     -0.1321E-01
   141.0      0.1183      0.3541E-01  0.4069E-02 -0.1295     -0.1321E-01
   141.5      0.1203      0.3589E-01  0.9595E-03 -0.1299     -0.1321E-01
   142.0      0.1222      0.3633E-01 -0.2167E-02 -0.1302     -0.1321E-01
   142.5      0.1241      0.3673E-01 -0.5305E-02 -0.1304     -0.1321E-01
   143.0      0.1260      0.3708E-01 -0.8450E-02 -0.1305     -0.1320E-01
   143.5      0.1279      0.3740E-01 -0.1160E-01 -0.1305     -0.1320E-01
   144.0      0.1298      0.3767E-01 -0.1474E-01 -0.1305     -0.1318E-01
   144.5      0.1317      0.3792E-01 -0.1788E-01 -0.1304     -0.1317E-01
   145.0      0.1336      0.3812E-01 -0.2101E-01 -0.1302     -0.1314E-01
   145.5      0.1355      0.3829E-01 -0.2413E-01 -0.1300     -0.1311E-01
   146.0      0.1373      0.3843E-01 -0.2722E-01 -0.1296     -0.1307E-01
   146.5      0.1392      0.3854E-01 -0.3030E-01 -0.1292     -0.1303E-01
   147.0      0.1410      0.3861E-01 -0.3335E-01 -0.1288     -0.1297E-01
   147.5      0.1429      0.3865E-01 -0.3638E-01 -0.1283     -0.1290E-01
   148.0      0.1447      0.3867E-01 -0.3937E-01 -0.1277     -0.1283E-01
   148.5      0.1465      0.3865E-01 -0.4234E-01 -0.1270     -0.1274E-01
   149.0      0.1484      0.3860E-01 -0.4526E-01 -0.1262     -0.1264E-01
   149.5      0.1502      0.3853E-01 -0.4816E-01 -0.1254     -0.1253E-01
   150.0      0.1520      0.3843E-01 -0.5101E-01 -0.1246     -0.1240E-01
   150.5      0.1538      0.3831E-01 -0.5382E-01 -0.1237     -0.1227E-01
   151.0      0.1556      0.3815E-01 -0.5659E-01 -0.1227     -0.1212E-01
   151.5      0.1573      0.3798E-01 -0.5931E-01 -0.1216     -0.1197E-01
   152.0      0.1591      0.3778E-01 -0.6199E-01 -0.1205     -0.1180E-01
   152.5      0.1609      0.3755E-01 -0.6463E-01 -0.1193     -0.1162E-01
   153.0      0.1626      0.3730E-01 -0.6721E-01 -0.1181     -0.1142E-01
   153.5      0.1644      0.3703E-01 -0.6975E-01 -0.1168     -0.1122E-01
   154.0      0.1661      0.3673E-01 -0.7224E-01 -0.1155     -0.1101E-01
   154.5      0.1678      0.3642E-01 -0.7467E-01 -0.1140     -0.1078E-01
   155.0      0.1695      0.3608E-01 -0.7706E-01 -0.1126     -0.1055E-01
   155.5      0.1712      0.3573E-01 -0.7940E-01 -0.1111     -0.1031E-01
   156.0      0.1729      0.3535E-01 -0.8169E-01 -0.1095     -0.1006E-01
   156.5      0.1745      0.3495E-01 -0.8393E-01 -0.1079     -0.9800E-02
   157.0      0.1762      0.3453E-01 -0.8611E-01 -0.1063     -0.9536E-02
   157.5      0.1778      0.3410E-01 -0.8825E-01 -0.1045     -0.9265E-02
   158.0      0.1795      0.3365E-01 -0.9033E-01 -0.1028     -0.8988E-02
   158.5      0.1811      0.3317E-01 -0.9237E-01 -0.1010     -0.8707E-02
   159.0      0.1826      0.3269E-01 -0.9435E-01 -0.9916E-01 -0.8421E-02
   159.5      0.1842      0.3218E-01 -0.9629E-01 -0.9728E-01 -0.8133E-02
   160.0      0.1858      0.3166E-01 -0.9817E-01 -0.9536E-01 -0.7841E-02
   160.5      0.1873      0.3112E-01 -0.1000     -0.9340E-01 -0.7547E-02
   161.0      0.1888      0.3056E-01 -0.1018     -0.9140E-01 -0.7252E-02
   161.5      0.1903      0.2999E-01 -0.1035     -0.8937E-01 -0.6957E-02
   162.0      0.1917      0.2940E-01 -0.1052     -0.8731E-01 -0.6661E-02
   162.5      0.1932      0.2880E-01 -0.1069     -0.8521E-01 -0.6366E-02
   163.0      0.1946      0.2818E-01 -0.1085     -0.8308E-01 -0.6073E-02
   163.5      0.1960      0.2754E-01 -0.1100     -0.8092E-01 -0.5781E-02
   164.0      0.1974      0.2689E-01 -0.1115     -0.7874E-01 -0.5491E-02
   164.5      0.1987      0.2623E-01 -0.1130     -0.7652E-01 -0.5204E-02
   165.0      0.2000      0.2555E-01 -0.1144     -0.7428E-01 -0.4921E-02
   165.5      0.2013      0.2486E-01 -0.1158     -0.7202E-01 -0.4642E-02
   166.0      0.2025      0.2415E-01 -0.1171     -0.6973E-01 -0.4367E-02
   166.5      0.2038      0.2343E-01 -0.1184     -0.6742E-01 -0.4096E-02
   167.0      0.2050      0.2270E-01 -0.1196     -0.6509E-01 -0.3831E-02
   167.5      0.2061      0.2195E-01 -0.1208     -0.6274E-01 -0.3572E-02
   168.0      0.2072      0.2119E-01 -0.1220     -0.6038E-01 -0.3319E-02
   168.5      0.2083      0.2041E-01 -0.1231     -0.5799E-01 -0.3072E-02
   169.0      0.2094      0.1962E-01 -0.1242     -0.5559E-01 -0.2833E-02
   169.5      0.2104      0.1883E-01 -0.1252     -0.5317E-01 -0.2600E-02
   170.0      0.2114      0.1801E-01 -0.1261     -0.5073E-01 -0.2375E-02
   170.5      0.2123      0.1719E-01 -0.1271     -0.4828E-01 -0.2159E-02
   171.0      0.2132      0.1636E-01 -0.1280     -0.4582E-01 -0.1950E-02
   171.5      0.2140      0.1551E-01 -0.1288     -0.4334E-01 -0.1751E-02
   172.0      0.2149      0.1466E-01 -0.1296     -0.4085E-01 -0.1560E-02
   172.5      0.2156      0.1379E-01 -0.1303     -0.3836E-01 -0.1379E-02
   173.0      0.2163      0.1292E-01 -0.1310     -0.3585E-01 -0.1208E-02
   173.5      0.2170      0.1203E-01 -0.1317     -0.3333E-01 -0.1047E-02
   174.0      0.2177      0.1114E-01 -0.1323     -0.3080E-01 -0.8965E-03
   174.5      0.2182      0.1024E-01 -0.1329     -0.2826E-01 -0.7567E-03
   175.0      0.2188      0.9333E-02 -0.1334     -0.2572E-01 -0.6279E-03
   175.5      0.2193      0.8419E-02 -0.1338     -0.2317E-01 -0.5106E-03
   176.0      0.2197      0.7499E-02 -0.1343     -0.2061E-01 -0.4048E-03
   176.5      0.2201      0.6574E-02 -0.1346     -0.1804E-01 -0.3109E-03
   177.0      0.2204      0.5644E-02 -0.1349     -0.1548E-01 -0.2290E-03
   177.5      0.2207      0.4709E-02 -0.1352     -0.1290E-01 -0.1594E-03
   178.0      0.2209      0.3772E-02 -0.1354     -0.1033E-01 -0.1022E-03
   178.5      0.2211      0.2831E-02 -0.1356     -0.7747E-02 -0.5757E-04
   179.0      0.2213      0.1889E-02 -0.1357     -0.5166E-02 -0.2561E-04
   179.5      0.2213      0.9447E-03 -0.1358     -0.2583E-02 -0.6407E-05
   180.0      0.2214       0.000     -0.1358       0.000       0.000    
