   0.000       2.940       0.000     -0.8232E-02   0.000       0.000    
  0.5000       2.941      0.4183E-02 -0.8218E-02  0.3031E-03 -0.1091E-04
   1.000       2.941      0.8364E-02 -0.8175E-02  0.6054E-03 -0.4365E-04
   1.500       2.942      0.1254E-01 -0.8103E-02  0.9061E-03 -0.9819E-04
   2.000       2.944      0.1672E-01 -0.8003E-02  0.1205E-02 -0.1745E-03
   2.500       2.946      0.2089E-01 -0.7875E-02  0.1500E-02 -0.2725E-03
   3.000       2.949      0.2506E-01 -0.7718E-02  0.1791E-02 -0.3922E-03
   3.500       2.951      0.2922E-01 -0.7534E-02  0.2078E-02 -0.5336E-03
   4.000       2.955      0.3337E-01 -0.7322E-02  0.2360E-02 -0.6964E-03
   4.500       2.958      0.3751E-01 -0.7082E-02  0.2636E-02 -0.8807E-03
   5.000       2.962      0.4164E-01 -0.6816E-02  0.2905E-02 -0.1086E-02
   5.500       2.967      0.4576E-01 -0.6524E-02  0.3167E-02 -0.1313E-02
   6.000       2.971      0.4987E-01 -0.6205E-02  0.3422E-02 -0.1561E-02
   6.500       2.976      0.5396E-01 -0.5861E-02  0.3669E-02 -0.1830E-02
   7.000       2.982      0.5803E-01 -0.5491E-02  0.3907E-02 -0.2120E-02
   7.500       2.987      0.6208E-01 -0.5097E-02  0.4136E-02 -0.2431E-02
   8.000       2.992      0.6612E-01 -0.4678E-02  0.4357E-02 -0.2763E-02
   8.500       2.998      0.7013E-01 -0.4236E-02  0.4567E-02 -0.3115E-02
   9.000       3.004      0.7411E-01 -0.3769E-02  0.4768E-02 -0.3487E-02
   9.500       3.010      0.7807E-01 -0.3279E-02  0.4958E-02 -0.3880E-02
   10.00       3.015      0.8200E-01 -0.2767E-02  0.5139E-02 -0.4293E-02
   10.50       3.021      0.8590E-01 -0.2231E-02  0.5308E-02 -0.4726E-02
   11.00       3.027      0.8977E-01 -0.1674E-02  0.5467E-02 -0.5180E-02
   11.50       3.032      0.9360E-01 -0.1094E-02  0.5614E-02 -0.5653E-02
   12.00       3.037      0.9739E-01 -0.4929E-03  0.5751E-02 -0.6146E-02
   12.50       3.043      0.1011      0.1298E-03  0.5876E-02 -0.6659E-02
   13.00       3.047      0.1049      0.7736E-03  0.5989E-02 -0.7191E-02
   13.50       3.052      0.1085      0.1438E-02  0.6090E-02 -0.7743E-02
   14.00       3.056      0.1122      0.2124E-02  0.6179E-02 -0.8314E-02
   14.50       3.060      0.1158      0.2830E-02  0.6256E-02 -0.8905E-02
   15.00       3.063      0.1193      0.3557E-02  0.6320E-02 -0.9515E-02
   15.50       3.065      0.1228      0.4303E-02  0.6371E-02 -0.1014E-01
   16.00       3.067      0.1262      0.5070E-02  0.6409E-02 -0.1079E-01
   16.50       3.069      0.1296      0.5856E-02  0.6433E-02 -0.1146E-01
   17.00       3.070      0.1329      0.6661E-02  0.6444E-02 -0.1215E-01
   17.50       3.070      0.1362      0.7486E-02  0.6440E-02 -0.1285E-01
   18.00       3.069      0.1394      0.8330E-02  0.6422E-02 -0.1358E-01
   18.50       3.068      0.1426      0.9193E-02  0.6389E-02 -0.1432E-01
   19.00       3.065      0.1457      0.1007E-01  0.6340E-02 -0.1508E-01
   19.50       3.062      0.1488      0.1097E-01  0.6275E-02 -0.1586E-01
   20.00       3.058      0.1518      0.1189E-01  0.6194E-02 -0.1666E-01
   20.50       3.053      0.1547      0.1283E-01  0.6096E-02 -0.1748E-01
   21.00       3.047      0.1576      0.1378E-01  0.5981E-02 -0.1831E-01
   21.50       3.040      0.1604      0.1475E-01  0.5848E-02 -0.1917E-01
   22.00       3.032      0.1631      0.1574E-01  0.5696E-02 -0.2004E-01
   22.50       3.023      0.1658      0.1674E-01  0.5525E-02 -0.2093E-01
   23.00       3.013      0.1685      0.1776E-01  0.5335E-02 -0.2184E-01
   23.50       3.001      0.1711      0.1879E-01  0.5124E-02 -0.2277E-01
   24.00       2.989      0.1736      0.1984E-01  0.4893E-02 -0.2372E-01
   24.50       2.976      0.1760      0.2091E-01  0.4640E-02 -0.2469E-01
   25.00       2.961      0.1784      0.2199E-01  0.4365E-02 -0.2567E-01
   25.50       2.945      0.1808      0.2308E-01  0.4068E-02 -0.2668E-01
   26.00       2.928      0.1831      0.2418E-01  0.3746E-02 -0.2770E-01
   26.50       2.910      0.1853      0.2530E-01  0.3401E-02 -0.2874E-01
   27.00       2.891      0.1875      0.2644E-01  0.3031E-02 -0.2980E-01
   27.50       2.870      0.1896      0.2758E-01  0.2636E-02 -0.3088E-01
   28.00       2.849      0.1916      0.2874E-01  0.2215E-02 -0.3198E-01
   28.50       2.826      0.1937      0.2990E-01  0.1766E-02 -0.3309E-01
   29.00       2.802      0.1956      0.3108E-01  0.1290E-02 -0.3423E-01
   29.50       2.777      0.1975      0.3227E-01  0.7861E-03 -0.3538E-01
   30.00       2.751      0.1993      0.3347E-01  0.2528E-03 -0.3656E-01
   30.50       2.723      0.2011      0.3468E-01 -0.3103E-03 -0.3775E-01
   31.00       2.695      0.2028      0.3590E-01 -0.9039E-03 -0.3897E-01
   31.50       2.665      0.2045      0.3713E-01 -0.1529E-02 -0.4020E-01
   32.00       2.635      0.2061      0.3836E-01 -0.2186E-02 -0.4145E-01
   32.50       2.603      0.2077      0.3961E-01 -0.2876E-02 -0.4273E-01
   33.00       2.571      0.2092      0.4086E-01 -0.3600E-02 -0.4402E-01
   33.50       2.537      0.2107      0.4212E-01 -0.4358E-02 -0.4534E-01
   34.00       2.503      0.2121      0.4338E-01 -0.5152E-02 -0.4667E-01
   34.50       2.467      0.2135      0.4466E-01 -0.5982E-02 -0.4803E-01
   35.00       2.431      0.2148      0.4594E-01 -0.6849E-02 -0.4940E-01
   35.50       2.394      0.2161      0.4722E-01 -0.7754E-02 -0.5080E-01
   36.00       2.356      0.2173      0.4851E-01 -0.8698E-02 -0.5222E-01
   36.50       2.318      0.2185      0.4981E-01 -0.9682E-02 -0.5366E-01
   37.00       2.278      0.2196      0.5111E-01 -0.1071E-01 -0.5512E-01
   37.50       2.238      0.2207      0.5242E-01 -0.1177E-01 -0.5660E-01
   38.00       2.198      0.2217      0.5373E-01 -0.1288E-01 -0.5811E-01
   38.50       2.157      0.2227      0.5505E-01 -0.1404E-01 -0.5964E-01
   39.00       2.115      0.2237      0.5637E-01 -0.1523E-01 -0.6119E-01
   39.50       2.073      0.2245      0.5769E-01 -0.1648E-01 -0.6276E-01
   40.00       2.030      0.2254      0.5902E-01 -0.1777E-01 -0.6435E-01
   40.50       1.987      0.2262      0.6035E-01 -0.1911E-01 -0.6597E-01
   41.00       1.944      0.2269      0.6168E-01 -0.2049E-01 -0.6761E-01
   41.50       1.900      0.2276      0.6302E-01 -0.2193E-01 -0.6927E-01
   42.00       1.856      0.2282      0.6435E-01 -0.2342E-01 -0.7096E-01
   42.50       1.812      0.2288      0.6569E-01 -0.2496E-01 -0.7267E-01
   43.00       1.768      0.2294      0.6703E-01 -0.2656E-01 -0.7441E-01
   43.50       1.724      0.2299      0.6836E-01 -0.2821E-01 -0.7617E-01
   44.00       1.680      0.2303      0.6970E-01 -0.2992E-01 -0.7795E-01
   44.50       1.635      0.2307      0.7104E-01 -0.3168E-01 -0.7976E-01
   45.00       1.591      0.2310      0.7237E-01 -0.3351E-01 -0.8160E-01
   45.50       1.547      0.2313      0.7371E-01 -0.3539E-01 -0.8346E-01
   46.00       1.503      0.2315      0.7504E-01 -0.3734E-01 -0.8534E-01
   46.50       1.459      0.2317      0.7637E-01 -0.3935E-01 -0.8726E-01
   47.00       1.416      0.2318      0.7769E-01 -0.4142E-01 -0.8920E-01
   47.50       1.373      0.2319      0.7901E-01 -0.4357E-01 -0.9116E-01
   48.00       1.330      0.2319      0.8032E-01 -0.4577E-01 -0.9316E-01
   48.50       1.287      0.2318      0.8163E-01 -0.4805E-01 -0.9518E-01
   49.00       1.245      0.2317      0.8293E-01 -0.5040E-01 -0.9724E-01
   49.50       1.204      0.2315      0.8423E-01 -0.5282E-01 -0.9932E-01
   50.00       1.162      0.2312      0.8551E-01 -0.5532E-01 -0.1014    
   50.50       1.122      0.2309      0.8679E-01 -0.5789E-01 -0.1036    
   51.00       1.082      0.2305      0.8805E-01 -0.6054E-01 -0.1058    
   51.50       1.043      0.2300      0.8931E-01 -0.6327E-01 -0.1080    
   52.00       1.004      0.2295      0.9055E-01 -0.6608E-01 -0.1102    
   52.50      0.9658      0.2288      0.9177E-01 -0.6898E-01 -0.1125    
   53.00      0.9284      0.2281      0.9298E-01 -0.7196E-01 -0.1148    
   53.50      0.8917      0.2273      0.9418E-01 -0.7503E-01 -0.1171    
   54.00      0.8558      0.2264      0.9535E-01 -0.7819E-01 -0.1195    
   54.50      0.8206      0.2254      0.9651E-01 -0.8144E-01 -0.1220    
   55.00      0.7862      0.2243      0.9764E-01 -0.8478E-01 -0.1244    
   55.50      0.7526      0.2231      0.9876E-01 -0.8822E-01 -0.1269    
   56.00      0.7198      0.2218      0.9984E-01 -0.9175E-01 -0.1295    
   56.50      0.6879      0.2204      0.1009     -0.9539E-01 -0.1320    
   57.00      0.6568      0.2188      0.1019     -0.9913E-01 -0.1347    
   57.50      0.6265      0.2171      0.1029     -0.1030     -0.1373    
   58.00      0.5971      0.2152      0.1039     -0.1069     -0.1401    
   58.50      0.5686      0.2132      0.1048     -0.1110     -0.1428    
   59.00      0.5409      0.2111      0.1057     -0.1151     -0.1456    
   59.50      0.5141      0.2087      0.1066     -0.1194     -0.1485    
   60.00      0.4881      0.2062      0.1074     -0.1238     -0.1514    
   60.50      0.4631      0.2034      0.1082     -0.1282     -0.1543    
   61.00      0.4389      0.2005      0.1089     -0.1328     -0.1573    
   61.50      0.4155      0.1973      0.1096     -0.1376     -0.1603    
   62.00      0.3931      0.1939      0.1102     -0.1424     -0.1634    
   62.50      0.3715      0.1902      0.1107     -0.1473     -0.1665    
   63.00      0.3507      0.1862      0.1112     -0.1523     -0.1697    
   63.50      0.3308      0.1820      0.1116     -0.1574     -0.1729    
   64.00      0.3117      0.1774      0.1120     -0.1626     -0.1761    
   64.50      0.2934      0.1724      0.1122     -0.1679     -0.1794    
   65.00      0.2759      0.1671      0.1124     -0.1733     -0.1826    
   65.50      0.2592      0.1613      0.1125     -0.1787     -0.1859    
   66.00      0.2433      0.1552      0.1125     -0.1842     -0.1892    
   66.50      0.2282      0.1486      0.1124     -0.1896     -0.1925    
   67.00      0.2138      0.1415      0.1121     -0.1951     -0.1957    
   67.50      0.2002      0.1338      0.1118     -0.2006     -0.1989    
   68.00      0.1872      0.1256      0.1113     -0.2060     -0.2020    
   68.50      0.1750      0.1169      0.1107     -0.2113     -0.2051    
   69.00      0.1635      0.1075      0.1099     -0.2164     -0.2080    
   69.50      0.1526      0.9746E-01  0.1090     -0.2214     -0.2108    
   70.00      0.1424      0.8675E-01  0.1079     -0.2260     -0.2134    
   70.50      0.1328      0.7535E-01  0.1067     -0.2304     -0.2157    
   71.00      0.1238      0.6324E-01  0.1053     -0.2343     -0.2178    
   71.50      0.1154      0.5041E-01  0.1037     -0.2377     -0.2195    
   72.00      0.1076      0.3688E-01  0.1019     -0.2404     -0.2208    
   72.50      0.1004      0.2266E-01  0.9998E-01 -0.2424     -0.2217    
   73.00      0.9362E-01  0.7783E-02  0.9784E-01 -0.2435     -0.2220    
   73.50      0.8741E-01 -0.7677E-02  0.9552E-01 -0.2436     -0.2216    
   74.00      0.8168E-01 -0.2364E-01  0.9304E-01 -0.2426     -0.2206    
   74.50      0.7643E-01 -0.3998E-01  0.9040E-01 -0.2402     -0.2188    
   75.00      0.7164E-01 -0.5656E-01  0.8762E-01 -0.2364     -0.2160    
   75.50      0.6727E-01 -0.7319E-01  0.8475E-01 -0.2309     -0.2124    
   76.00      0.6332E-01 -0.8965E-01  0.8180E-01 -0.2238     -0.2077    
   76.50      0.5977E-01 -0.1057      0.7882E-01 -0.2149     -0.2020    
   77.00      0.5659E-01 -0.1210      0.7586E-01 -0.2041     -0.1952    
   77.50      0.5376E-01 -0.1354      0.7298E-01 -0.1914     -0.1873    
   78.00      0.5128E-01 -0.1484      0.7022E-01 -0.1770     -0.1783    
   78.50      0.4911E-01 -0.1599      0.6766E-01 -0.1608     -0.1684    
   79.00      0.4724E-01 -0.1695      0.6534E-01 -0.1431     -0.1576    
   79.50      0.4566E-01 -0.1769      0.6331E-01 -0.1241     -0.1461    
   80.00      0.4434E-01 -0.1821      0.6163E-01 -0.1041     -0.1341    
   80.50      0.4327E-01 -0.1849      0.6033E-01 -0.8336E-01 -0.1217    
   81.00      0.4243E-01 -0.1852      0.5942E-01 -0.6229E-01 -0.1091    
   81.50      0.4180E-01 -0.1831      0.5893E-01 -0.4122E-01 -0.9661E-01
   82.00      0.4138E-01 -0.1788      0.5883E-01 -0.2050E-01 -0.8433E-01
   82.50      0.4114E-01 -0.1722      0.5911E-01 -0.4514E-03 -0.7248E-01
   83.00      0.4107E-01 -0.1638      0.5975E-01  0.1866E-01 -0.6121E-01
   83.50      0.4115E-01 -0.1537      0.6071E-01  0.3661E-01 -0.5064E-01
   84.00      0.4138E-01 -0.1422      0.6194E-01  0.5322E-01 -0.4086E-01
   84.50      0.4173E-01 -0.1297      0.6340E-01  0.6838E-01 -0.3193E-01
   85.00      0.4220E-01 -0.1162      0.6503E-01  0.8202E-01 -0.2389E-01
   85.50      0.4277E-01 -0.1022      0.6681E-01  0.9411E-01 -0.1674E-01
   86.00      0.4343E-01 -0.8788E-01  0.6867E-01  0.1047     -0.1045E-01
   86.50      0.4417E-01 -0.7338E-01  0.7059E-01  0.1138     -0.5008E-02
   87.00      0.4498E-01 -0.5890E-01  0.7252E-01  0.1215     -0.3546E-03
   87.50      0.4585E-01 -0.4460E-01  0.7444E-01  0.1279      0.3562E-02
   88.00      0.4677E-01 -0.3058E-01  0.7633E-01  0.1330      0.6803E-02
   88.50      0.4773E-01 -0.1694E-01  0.7815E-01  0.1371      0.9427E-02
   89.00      0.4872E-01 -0.3743E-02  0.7990E-01  0.1401      0.1150E-01
   89.50      0.4974E-01  0.8959E-02  0.8155E-01  0.1422      0.1307E-01
   90.00      0.5077E-01  0.2113E-01  0.8311E-01  0.1435      0.1421E-01
   90.50      0.5181E-01  0.3276E-01  0.8455E-01  0.1441      0.1497E-01
   91.00      0.5285E-01  0.4384E-01  0.8588E-01  0.1440      0.1538E-01
   91.50      0.5389E-01  0.5436E-01  0.8710E-01  0.1434      0.1551E-01
   92.00      0.5492E-01  0.6433E-01  0.8819E-01  0.1422      0.1538E-01
   92.50      0.5594E-01  0.7377E-01  0.8916E-01  0.1407      0.1503E-01
   93.00      0.5693E-01  0.8270E-01  0.9001E-01  0.1388      0.1450E-01
   93.50      0.5791E-01  0.9112E-01  0.9074E-01  0.1365      0.1382E-01
   94.00      0.5885E-01  0.9907E-01  0.9135E-01  0.1340      0.1300E-01
   94.50      0.5976E-01  0.1066      0.9184E-01  0.1312      0.1207E-01
   95.00      0.6063E-01  0.1136      0.9221E-01  0.1283      0.1106E-01
   95.50      0.6147E-01  0.1202      0.9247E-01  0.1251      0.9962E-02
   96.00      0.6227E-01  0.1265      0.9262E-01  0.1219      0.8809E-02
   96.50      0.6302E-01  0.1324      0.9266E-01  0.1185      0.7609E-02
   97.00      0.6373E-01  0.1379      0.9258E-01  0.1150      0.6372E-02
   97.50      0.6439E-01  0.1431      0.9241E-01  0.1115      0.5107E-02
   98.00      0.6500E-01  0.1480      0.9212E-01  0.1079      0.3822E-02
   98.50      0.6556E-01  0.1525      0.9174E-01  0.1042      0.2525E-02
   99.00      0.6607E-01  0.1568      0.9125E-01  0.1005      0.1222E-02
   99.50      0.6652E-01  0.1609      0.9067E-01  0.9679E-01 -0.8310E-04
   100.0      0.6693E-01  0.1647      0.8999E-01  0.9307E-01 -0.1385E-02
   100.5      0.6728E-01  0.1682      0.8922E-01  0.8934E-01 -0.2680E-02
   101.0      0.6758E-01  0.1715      0.8835E-01  0.8561E-01 -0.3964E-02
   101.5      0.6783E-01  0.1746      0.8740E-01  0.8189E-01 -0.5235E-02
   102.0      0.6802E-01  0.1776      0.8635E-01  0.7819E-01 -0.6491E-02
   102.5      0.6816E-01  0.1803      0.8522E-01  0.7450E-01 -0.7728E-02
   103.0      0.6825E-01  0.1828      0.8400E-01  0.7084E-01 -0.8944E-02
   103.5      0.6828E-01  0.1852      0.8270E-01  0.6721E-01 -0.1014E-01
   104.0      0.6827E-01  0.1874      0.8131E-01  0.6360E-01 -0.1131E-01
   104.5      0.6820E-01  0.1894      0.7985E-01  0.6003E-01 -0.1245E-01
   105.0      0.6809E-01  0.1913      0.7830E-01  0.5650E-01 -0.1357E-01
   105.5      0.6792E-01  0.1931      0.7668E-01  0.5301E-01 -0.1466E-01
   106.0      0.6771E-01  0.1947      0.7498E-01  0.4955E-01 -0.1572E-01
   106.5      0.6746E-01  0.1961      0.7321E-01  0.4614E-01 -0.1675E-01
   107.0      0.6716E-01  0.1975      0.7136E-01  0.4278E-01 -0.1775E-01
   107.5      0.6681E-01  0.1987      0.6944E-01  0.3945E-01 -0.1871E-01
   108.0      0.6642E-01  0.1998      0.6746E-01  0.3618E-01 -0.1964E-01
   108.5      0.6600E-01  0.2008      0.6540E-01  0.3295E-01 -0.2053E-01
   109.0      0.6553E-01  0.2017      0.6328E-01  0.2978E-01 -0.2138E-01
   109.5      0.6502E-01  0.2025      0.6110E-01  0.2665E-01 -0.2220E-01
   110.0      0.6448E-01  0.2032      0.5885E-01  0.2358E-01 -0.2298E-01
   110.5      0.6390E-01  0.2037      0.5654E-01  0.2056E-01 -0.2372E-01
   111.0      0.6329E-01  0.2042      0.5417E-01  0.1759E-01 -0.2441E-01
   111.5      0.6265E-01  0.2046      0.5174E-01  0.1467E-01 -0.2507E-01
   112.0      0.6198E-01  0.2049      0.4926E-01  0.1182E-01 -0.2568E-01
   112.5      0.6128E-01  0.2051      0.4672E-01  0.9015E-02 -0.2625E-01
   113.0      0.6055E-01  0.2052      0.4412E-01  0.6270E-02 -0.2678E-01
   113.5      0.5980E-01  0.2052      0.4147E-01  0.3583E-02 -0.2726E-01
   114.0      0.5903E-01  0.2051      0.3878E-01  0.9543E-03 -0.2770E-01
   114.5      0.5823E-01  0.2049      0.3603E-01 -0.1615E-02 -0.2809E-01
   115.0      0.5741E-01  0.2047      0.3323E-01 -0.4124E-02 -0.2844E-01
   115.5      0.5657E-01  0.2043      0.3039E-01 -0.6572E-02 -0.2874E-01
   116.0      0.5572E-01  0.2039      0.2750E-01 -0.8958E-02 -0.2900E-01
   116.5      0.5485E-01  0.2034      0.2456E-01 -0.1128E-01 -0.2922E-01
   117.0      0.5397E-01  0.2028      0.2158E-01 -0.1354E-01 -0.2939E-01
   117.5      0.5307E-01  0.2022      0.1855E-01 -0.1574E-01 -0.2951E-01
   118.0      0.5217E-01  0.2014      0.1548E-01 -0.1787E-01 -0.2960E-01
   118.5      0.5125E-01  0.2006      0.1237E-01 -0.1994E-01 -0.2964E-01
   119.0      0.5032E-01  0.1997      0.9215E-02 -0.2194E-01 -0.2964E-01
   119.5      0.4939E-01  0.1988      0.6017E-02 -0.2388E-01 -0.2960E-01
   120.0      0.4845E-01  0.1977      0.2777E-02 -0.2575E-01 -0.2952E-01
   120.5      0.4751E-01  0.1966     -0.5043E-03 -0.2755E-01 -0.2940E-01
   121.0      0.4656E-01  0.1954     -0.3828E-02 -0.2929E-01 -0.2925E-01
   121.5      0.4562E-01  0.1941     -0.7193E-02 -0.3095E-01 -0.2906E-01
   122.0      0.4467E-01  0.1927     -0.1060E-01 -0.3255E-01 -0.2884E-01
   122.5      0.4372E-01  0.1913     -0.1405E-01 -0.3407E-01 -0.2859E-01
   123.0      0.4277E-01  0.1897     -0.1754E-01 -0.3553E-01 -0.2831E-01
   123.5      0.4183E-01  0.1881     -0.2108E-01 -0.3691E-01 -0.2800E-01
   124.0      0.4088E-01  0.1864     -0.2465E-01 -0.3822E-01 -0.2766E-01
   124.5      0.3995E-01  0.1847     -0.2827E-01 -0.3946E-01 -0.2731E-01
   125.0      0.3901E-01  0.1828     -0.3194E-01 -0.4063E-01 -0.2693E-01
   125.5      0.3808E-01  0.1809     -0.3564E-01 -0.4172E-01 -0.2653E-01
   126.0      0.3716E-01  0.1789     -0.3939E-01 -0.4274E-01 -0.2612E-01
   126.5      0.3625E-01  0.1768     -0.4319E-01 -0.4368E-01 -0.2569E-01
   127.0      0.3534E-01  0.1746     -0.4702E-01 -0.4455E-01 -0.2525E-01
   127.5      0.3444E-01  0.1724     -0.5091E-01 -0.4534E-01 -0.2479E-01
   128.0      0.3355E-01  0.1700     -0.5483E-01 -0.4605E-01 -0.2433E-01
   128.5      0.3267E-01  0.1676     -0.5880E-01 -0.4669E-01 -0.2386E-01
   129.0      0.3179E-01  0.1651     -0.6281E-01 -0.4724E-01 -0.2338E-01
   129.5      0.3093E-01  0.1625     -0.6686E-01 -0.4772E-01 -0.2290E-01
   130.0      0.3008E-01  0.1598     -0.7095E-01 -0.4811E-01 -0.2242E-01
   130.5      0.2924E-01  0.1569     -0.7509E-01 -0.4842E-01 -0.2193E-01
   131.0      0.2842E-01  0.1540     -0.7926E-01 -0.4865E-01 -0.2145E-01
   131.5      0.2760E-01  0.1510     -0.8347E-01 -0.4880E-01 -0.2096E-01
   132.0      0.2680E-01  0.1479     -0.8771E-01 -0.4885E-01 -0.2048E-01
   132.5      0.2600E-01  0.1447     -0.9198E-01 -0.4882E-01 -0.2000E-01
   133.0      0.2523E-01  0.1414     -0.9629E-01 -0.4871E-01 -0.1952E-01
   133.5      0.2446E-01  0.1380     -0.1006     -0.4850E-01 -0.1905E-01
   134.0      0.2371E-01  0.1344     -0.1050     -0.4820E-01 -0.1857E-01
   134.5      0.2297E-01  0.1307     -0.1093     -0.4781E-01 -0.1810E-01
   135.0      0.2225E-01  0.1269     -0.1137     -0.4732E-01 -0.1764E-01
   135.5      0.2154E-01  0.1230     -0.1181     -0.4674E-01 -0.1717E-01
   136.0      0.2084E-01  0.1189     -0.1225     -0.4606E-01 -0.1671E-01
   136.5      0.2016E-01  0.1147     -0.1269     -0.4529E-01 -0.1625E-01
   137.0      0.1949E-01  0.1104     -0.1313     -0.4441E-01 -0.1579E-01
   137.5      0.1884E-01  0.1059     -0.1357     -0.4343E-01 -0.1533E-01
   138.0      0.1820E-01  0.1013     -0.1401     -0.4235E-01 -0.1487E-01
   138.5      0.1757E-01  0.9648E-01 -0.1444     -0.4116E-01 -0.1440E-01
   139.0      0.1697E-01  0.9151E-01 -0.1487     -0.3987E-01 -0.1394E-01
   139.5      0.1637E-01  0.8638E-01 -0.1529     -0.3847E-01 -0.1347E-01
   140.0      0.1579E-01  0.8107E-01 -0.1571     -0.3696E-01 -0.1299E-01
   140.5      0.1523E-01  0.7559E-01 -0.1613     -0.3535E-01 -0.1251E-01
   141.0      0.1468E-01  0.6992E-01 -0.1653     -0.3362E-01 -0.1203E-01
   141.5      0.1415E-01  0.6406E-01 -0.1693     -0.3179E-01 -0.1153E-01
   142.0      0.1363E-01  0.5801E-01 -0.1732     -0.2984E-01 -0.1104E-01
   142.5      0.1313E-01  0.5176E-01 -0.1770     -0.2779E-01 -0.1053E-01
   143.0      0.1265E-01  0.4532E-01 -0.1806     -0.2562E-01 -0.1001E-01
   143.5      0.1218E-01  0.3867E-01 -0.1841     -0.2335E-01 -0.9492E-02
   144.0      0.1172E-01  0.3183E-01 -0.1875     -0.2096E-01 -0.8964E-02
   144.5      0.1128E-01  0.2478E-01 -0.1907     -0.1848E-01 -0.8431E-02
   145.0      0.1086E-01  0.1752E-01 -0.1937     -0.1589E-01 -0.7893E-02
   145.5      0.1045E-01  0.1007E-01 -0.1965     -0.1320E-01 -0.7352E-02
   146.0      0.1005E-01  0.2428E-02 -0.1991     -0.1042E-01 -0.6811E-02
   146.5      0.9672E-02 -0.5405E-02 -0.2015     -0.7542E-02 -0.6270E-02
   147.0      0.9308E-02 -0.1342E-01 -0.2037     -0.4583E-02 -0.5733E-02
   147.5      0.8958E-02 -0.2160E-01 -0.2055     -0.1545E-02 -0.5203E-02
   148.0      0.8623E-02 -0.2994E-01 -0.2071      0.1564E-02 -0.4682E-02
   148.5      0.8303E-02 -0.3841E-01 -0.2084      0.4736E-02 -0.4175E-02
   149.0      0.7997E-02 -0.4701E-01 -0.2094      0.7960E-02 -0.3685E-02
   149.5      0.7705E-02 -0.5571E-01 -0.2101      0.1123E-01 -0.3215E-02
   150.0      0.7427E-02 -0.6448E-01 -0.2104      0.1452E-01 -0.2770E-02
   150.5      0.7163E-02 -0.7330E-01 -0.2103      0.1783E-01 -0.2354E-02
   151.0      0.6912E-02 -0.8214E-01 -0.2099      0.2115E-01 -0.1971E-02
   151.5      0.6675E-02 -0.9096E-01 -0.2090      0.2445E-01 -0.1624E-02
   152.0      0.6450E-02 -0.9972E-01 -0.2078      0.2772E-01 -0.1316E-02
   152.5      0.6239E-02 -0.1084     -0.2061      0.3095E-01 -0.1052E-02
   153.0      0.6039E-02 -0.1169     -0.2041      0.3411E-01 -0.8337E-03
   153.5      0.5852E-02 -0.1252     -0.2015      0.3720E-01 -0.6628E-03
   154.0      0.5677E-02 -0.1334     -0.1986      0.4018E-01 -0.5409E-03
   154.5      0.5513E-02 -0.1412     -0.1952      0.4304E-01 -0.4686E-03
   155.0      0.5360E-02 -0.1487     -0.1914      0.4577E-01 -0.4457E-03
   155.5      0.5218E-02 -0.1559     -0.1872      0.4835E-01 -0.4711E-03
   156.0      0.5087E-02 -0.1626     -0.1826      0.5075E-01 -0.5427E-03
   156.5      0.4965E-02 -0.1689     -0.1776      0.5297E-01 -0.6576E-03
   157.0      0.4854E-02 -0.1747     -0.1722      0.5499E-01 -0.8122E-03
   157.5      0.4751E-02 -0.1800     -0.1665      0.5681E-01 -0.1002E-02
   158.0      0.4658E-02 -0.1847     -0.1605      0.5840E-01 -0.1221E-02
   158.5      0.4573E-02 -0.1888     -0.1542      0.5976E-01 -0.1465E-02
   159.0      0.4497E-02 -0.1924     -0.1476      0.6090E-01 -0.1726E-02
   159.5      0.4428E-02 -0.1953     -0.1409      0.6179E-01 -0.1999E-02
   160.0      0.4367E-02 -0.1976     -0.1339      0.6246E-01 -0.2277E-02
   160.5      0.4313E-02 -0.1993     -0.1268      0.6289E-01 -0.2554E-02
   161.0      0.4266E-02 -0.2003     -0.1196      0.6309E-01 -0.2823E-02
   161.5      0.4225E-02 -0.2008     -0.1123      0.6307E-01 -0.3078E-02
   162.0      0.4191E-02 -0.2006     -0.1050      0.6283E-01 -0.3315E-02
   162.5      0.4161E-02 -0.1999     -0.9772E-01  0.6239E-01 -0.3528E-02
   163.0      0.4138E-02 -0.1986     -0.9046E-01  0.6176E-01 -0.3715E-02
   163.5      0.4119E-02 -0.1968     -0.8328E-01  0.6095E-01 -0.3871E-02
   164.0      0.4104E-02 -0.1945     -0.7619E-01  0.5997E-01 -0.3995E-02
   164.5      0.4094E-02 -0.1917     -0.6924E-01  0.5884E-01 -0.4084E-02
   165.0      0.4088E-02 -0.1885     -0.6244E-01  0.5757E-01 -0.4139E-02
   165.5      0.4085E-02 -0.1848     -0.5582E-01  0.5618E-01 -0.4159E-02
   166.0      0.4086E-02 -0.1808     -0.4939E-01  0.5467E-01 -0.4145E-02
   166.5      0.4089E-02 -0.1765     -0.4316E-01  0.5307E-01 -0.4098E-02
   167.0      0.4095E-02 -0.1718     -0.3716E-01  0.5138E-01 -0.4020E-02
   167.5      0.4104E-02 -0.1668     -0.3140E-01  0.4961E-01 -0.3914E-02
   168.0      0.4114E-02 -0.1616     -0.2587E-01  0.4778E-01 -0.3782E-02
   168.5      0.4127E-02 -0.1561     -0.2060E-01  0.4590E-01 -0.3627E-02
   169.0      0.4140E-02 -0.1504     -0.1557E-01  0.4398E-01 -0.3453E-02
   169.5      0.4156E-02 -0.1446     -0.1080E-01  0.4202E-01 -0.3262E-02
   170.0      0.4172E-02 -0.1385     -0.6290E-02  0.4003E-01 -0.3057E-02
   170.5      0.4188E-02 -0.1323     -0.2030E-02  0.3803E-01 -0.2842E-02
   171.0      0.4206E-02 -0.1260      0.1976E-02  0.3601E-01 -0.2621E-02
   171.5      0.4223E-02 -0.1195      0.5731E-02  0.3397E-01 -0.2396E-02
   172.0      0.4241E-02 -0.1130      0.9237E-02  0.3194E-01 -0.2169E-02
   172.5      0.4259E-02 -0.1063      0.1250E-01  0.2990E-01 -0.1945E-02
   173.0      0.4276E-02 -0.9955E-01  0.1552E-01  0.2786E-01 -0.1724E-02
   173.5      0.4293E-02 -0.9272E-01  0.1831E-01  0.2583E-01 -0.1510E-02
   174.0      0.4310E-02 -0.8582E-01  0.2087E-01  0.2380E-01 -0.1305E-02
   174.5      0.4325E-02 -0.7886E-01  0.2320E-01  0.2178E-01 -0.1111E-02
   175.0      0.4340E-02 -0.7185E-01  0.2531E-01  0.1977E-01 -0.9279E-03
   175.5      0.4354E-02 -0.6479E-01  0.2720E-01  0.1776E-01 -0.7588E-03
   176.0      0.4366E-02 -0.5769E-01  0.2888E-01  0.1576E-01 -0.6045E-03
   176.5      0.4377E-02 -0.5055E-01  0.3036E-01  0.1377E-01 -0.4661E-03
   177.0      0.4388E-02 -0.4338E-01  0.3162E-01  0.1179E-01 -0.3445E-03
   177.5      0.4396E-02 -0.3619E-01  0.3269E-01  0.9813E-02 -0.2404E-03
   178.0      0.4403E-02 -0.2898E-01  0.3356E-01  0.7843E-02 -0.1545E-03
   178.5      0.4409E-02 -0.2175E-01  0.3423E-01  0.5877E-02 -0.8715E-04
   179.0      0.4413E-02 -0.1451E-01  0.3471E-01  0.3916E-02 -0.3882E-04
   179.5      0.4415E-02 -0.7255E-02  0.3500E-01  0.1957E-02 -0.9716E-05
   180.0      0.4416E-02   0.000      0.3510E-01   0.000       0.000    
